0.003125,0.03125
0.00703125,0.0921875
0.07239583333333334,0.0171875
0.036111111111111115,0.05
0.033035714285714286,0.010714285714285714
0.04553571428571429,0.03928571428571429
0.05,0.0
0.044736842105263165,0.017105263157894738
0.0125,0.010714285714285714
0.06124999999999999,0.019375
0.009090909090909092,0.01590909090909091
0.04083333333333334,0.025625000000000002
0.036875000000000005,0.015625
0.0019230769230769232,0.00673076923076923
0.04375,0.017361111111111112
0.015000000000000003,0.0025
0.044956140350877194,0.035526315789473684
0.04609375,0.03515625
0.0296875,0.034375
0.04431818181818182,0.21988636363636366
0.007291666666666667,0.09010416666666667
0.05347222222222222,0.010416666666666666
0.010000000000000004,0.02
0.02717391304347826,0.02282608695652174
0.032692307692307694,0.015384615384615385
0.06375000000000001,0.00875
0.040310077519379844,0.018313953488372094
0.06750000000000002,0.005
0.017105263157894735,0.006578947368421052
0.04895833333333334,0.09125000000000001
0.017647058823529415,0.024999999999999998
0.009166666666666667,0.0475
0.023903508771929826,0.016118421052631577
0.012499999999999999,0.005
0.056249999999999994,0.03125000000000001
0.025,0.010833333333333334
0.052083333333333336,0.0796875
0.021875000000000002,0.009375000000000001
0.0328125,0.028125
0.035,0.045000000000000005
0.06071428571428572,0.012499999999999999
0.013750000000000004,0.01875
0.08333333333333333,0.027083333333333334
0.05178571428571428,0.044642857142857144
0.04507575757575758,0.01477272727272727
0.01153846153846154,0.009615384615384616
0.015352564102564102,0.02032051282051282
0.12291666666666665,0.07253787878787879
0.018333333333333333,0.04583333333333333
0.11607142857142858,0.05267857142857143
0.010869565217391304,0.030797101449275367
0.022222222222222223,0.030555555555555558
0.051562500000000004,0.03229166666666667
0.01646825396825397,0.01666666666666667
0.008333333333333333,0.008333333333333333
0.0471875,0.02
0.05520833333333334,0.015625
0.009615384615384616,0.02692307692307692
0.08194444444444444,0.09999999999999999
0.06171875000000001,0.06171875
0.011111111111111112,0.002777777777777778
0.05125,0.036250000000000004
0.061931818181818185,0.04602272727272727
0.04583333333333333,0.03446969696969697
0.01666666666666667,0.008333333333333333
0.0625,0.0025
0.03901515151515152,0.01363636363636364
0.016666666666666666,0.032692307692307694
0.034090909090909095,0.006818181818181818
0.058333333333333334,0.005555555555555556
0.021296296296296303,0.012962962962962964
0.0035714285714285718,0.004761904761904762
0.04398148148148148,0.03553240740740741
0.06666666666666667,0.09166666666666667
0.02185374149659864,0.04200680272108844
0.03828125,0.009765625
0.0125,0.0234375
0.06250000000000001,0.02321428571428571
0.018452380952380956,0.013392857142857142
0.03125,0.0
0.0014705882352941176,0.004411764705882354
0.0375,0.0062499999999999995
0.032692307692307694,0.025
0.09661458333333334,0.02578125
0.002272727272727273,0.005681818181818182
0.021875000000000002,0.08046874999999999
0.024999999999999998,0.03854166666666667
0.05333333333333334,0.02666666666666667
0.09230769230769229,0.010576923076923078
0.013888888888888888,0.012499999999999999
0.0020833333333333333,0.004166666666666667
0.045138888888888895,0.022222222222222223
0.015625,0.01875
0.015625,0.0375
0.015,0.028750000000000005
0.06527777777777778,0.01666666666666667
0.008680555555555556,0.012847222222222222
0.031060606060606066,0.008333333333333333
0.015131578947368426,0.02236842105263158
0.02767857142857143,0.018154761904761906
0.019444444444444445,0.016203703703703706
0.03923611111111111,0.0078125
0.03,0.005
0.05952380952380952,0.05535714285714285
0.05104166666666666,0.0203125
0.060752688172043004,0.035416666666666666
0.115625,0.08687500000000001
0.015625,0.009375000000000001
0.06428571428571428,0.02261904761904762
0.033796296296296297,0.019907407407407405
0.006250000000000001,0.016666666666666666
0.01909722222222222,0.017361111111111112
0.01875,0.043750000000000004
0.027698863636363643,0.022301136363636367
0.01956521739130435,0.03152173913043478
0.015625000000000003,0.04010416666666667
0.02482993197278912,0.02729591836734694
0.0340725806451613,0.01370967741935484
0.03333333333333333,0.043750000000000004
0.052604166666666674,0.011979166666666666
0.05166666666666667,0.03916666666666667
0.038157894736842106,0.013815789473684212
0.020689655172413796,0.02327586206896552
0.09531250000000001,0.02395833333333333
0.05222222222222222,0.05444444444444445
0.029166666666666667,0.020000000000000004
0.11625,0.03125
0.03660714285714285,0.03214285714285714
0.03125,0.0921875
0.008333333333333333,0.01875
0.06323529411764707,0.010294117647058823
0.05113636363636364,0.03560606060606061
0.04318181818181818,0.02045454545454545
0.028735632183908046,0.01609195402298851
0.021875000000000002,0.01875
0.08499999999999999,0.003125
0.07187500000000001,0.041666666666666664
0.0358974358974359,0.009615384615384616
0.01,0.03277777777777778
0.04950980392156863,0.008823529411764706
0.032,0.022000000000000002
0.02333333333333333,0.04666666666666667
0.014583333333333334,0.02261904761904762
0.02747747747747748,0.00912162162162162
0.06333333333333334,0.009166666666666667
0.013333333333333332,0.051354166666666666
0.05,0.005
0.0075000000000000015,0.0
0.09722222222222222,0.042361111111111106
0.11967592592592594,0.04259259259259259
0.028232758620689663,0.053879310344827604
0.027500000000000004,0.01125
0.04623015873015873,0.0382936507936508
0.018421052631578946,0.013815789473684212
0.00681818181818182,0.05909090909090909
0.030000000000000006,0.061875
0.01818181818181818,0.07499999999999998
0.04198717948717949,0.01682692307692308
0.026715686274509806,0.022794117647058826
0.0769607843137255,0.035416666666666666
0.041249999999999995,0.04666666666666666
0.03422619047619048,0.008928571428571428
0.052083333333333336,0.03833333333333334
0.12083333333333333,0.034375
0.022727272727272724,0.02159090909090909
0.008035714285714287,0.048214285714285716
0.0265625,0.003125
0.024999999999999998,0.029166666666666664
0.07083333333333335,0.035763888888888894
0.02727272727272727,0.07045454545454546
0.09509803921568627,0.010294117647058823
0.04583333333333334,0.003125
0.00625,0.0171875
0.022222222222222223,0.025347222222222226
0.061842105263157886,0.015131578947368423
0.02020833333333333,0.01
0.04736842105263159,0.003947368421052633
0.03333333333333333,0.02333333333333333
0.08333333333333333,0.08124999999999999
0.05662878787878787,0.06969696969696969
0.01875,0.0125
0.0671875,0.0265625
0.026136363636363638,0.02045454545454545
0.09226190476190478,0.006547619047619048
0.09184027777777777,0.012500000000000002
0.041666666666666664,0.013392857142857142
0.04015151515151515,0.02159090909090909
0.028846153846153848,0.032692307692307694
0.0203125,0.021875000000000002
0.003125,0.0859375
0.004545454545454546,0.002272727272727273
0.02115384615384615,0.051923076923076926
0.03541666666666667,0.006250000000000001
0.024999999999999998,0.13229166666666667
0.020833333333333332,0.030208333333333337
0.00576923076923077,0.00641025641025641
0.025,0.07083333333333335
0.037634408602150546,0.018145161290322582
0.022596153846153846,0.03125
0.04776422764227641,0.06626016260162602
0.024500000000000008,0.03975
0.011111111111111112,0.029166666666666667
0.04807692307692309,0.05480769230769231
0.02608695652173913,0.05380434782608696
0.04014423076923078,0.049519230769230774
0.020959595959595963,0.027272727272727275
0.04326923076923077,0.05865384615384616
0.036853448275862066,0.0375
0.02421875,0.0578125
0.03125,0.021875
0.0428921568627451,0.05772058823529412
0.05,0.028125
0.0,0.046875
0.04791666666666665,0.03480392156862745
0.014062500000000002,0.02514880952380952
0.03194444444444444,0.045370370370370366
0.07916666666666668,0.019270833333333334
0.012280701754385965,0.039473684210526314
0.04772727272727273,0.02159090909090909
0.05416666666666666,0.03076923076923077
0.014583333333333332,0.008333333333333333
0.049999999999999996,0.005208333333333333
0.15812500000000002,0.030625000000000003
0.017410714285714286,0.022767857142857142
0.015,0.019000000000000003
0.03823529411764706,0.058823529411764705
0.0765625,0.0234375
0.05357142857142857,0.025595238095238098
0.009375000000000001,0.021875000000000002
0.05,0.03125
0.08937500000000001,0.1325
0.01838235294117647,0.02426470588235294
0.008333333333333333,0.013333333333333334
0.0921875,0.009375000000000001
0.03345588235294118,0.09889705882352941
0.014743589743589743,0.016025641025641024
0.00625,0.0
0.02303240740740741,0.022106481481481484
0.04814814814814815,0.04583333333333333
0.005,0.006875000000000001
0.022222222222222223,0.01666666666666667
0.061111111111111116,0.027777777777777776
0.058750000000000004,0.0
0.06166666666666666,0.07500000000000001
0.03333333333333333,0.06865079365079367
0.011666666666666665,0.029166666666666667
0.03369565217391305,0.034782608695652174
0.08750000000000001,0.0
0.05166666666666667,0.016666666666666666
0.021111111111111115,0.016666666666666666
0.020717592592592596,0.032349537037037045
0.0125,0.009375
0.05587121212121212,0.03143939393939394
0.05705128205128206,0.03910256410256411
0.022321428571428572,0.06875
0.06484375,0.04283854166666667
0.06041666666666667,0.043750000000000004
0.01974074074074074,0.1622037037037037
0.02443181818181818,0.01875
0.0071428571428571435,0.01517857142857143
0.024999999999999998,0.014583333333333332
0.05416666666666666,0.08660714285714285
0.0627155172413793,0.04202586206896552
0.026754385964912284,0.04122807017543859
0.01625,0.011875
0.04318181818181818,0.0125
0.033035714285714286,0.049999999999999996
0.02692307692307692,0.04519230769230769
0.042499999999999996,0.015
0.046296296296296294,0.04652777777777777
0.017578125,0.10859375
0.06363636363636364,0.08863636363636364
0.08705357142857142,0.024107142857142858
0.002777777777777778,0.0
0.026785714285714284,0.04642857142857143
0.03881578947368421,0.018092105263157895
0.015000000000000001,0.025
0.03238636363636364,0.005113636363636364
0.013888888888888888,0.006944444444444444
0.019444444444444445,0.016666666666666666
0.01990740740740741,0.021296296296296296
0.0421875,0.05
0.06953125,0.06484375
0.045,0.17250000000000001
0.0465909090909091,0.007954545454545454
0.07455357142857143,0.048214285714285716
0.005,0.03
0.044166666666666674,0.028333333333333332
0.027777777777777776,0.013888888888888888
0.011111111111111112,0.058333333333333334
0.016666666666666666,0.006250000000000001
0.06388888888888888,0.002777777777777778
0.06971153846153846,0.03701923076923077
0.036538461538461534,0.04807692307692308
0.10384615384615384,0.04375
0.008333333333333333,0.08333333333333333
0.07916666666666666,0.003472222222222222
0.09038461538461538,0.027884615384615383
0.056818181818181816,0.13636363636363635
0.06323529411764706,0.011764705882352941
0.034999999999999996,0.029166666666666667
0.0,0.006944444444444444
0.011666666666666665,0.0125
0.01,0.01
0.02368421052631579,0.037500000000000006
0.02604166666666667,0.0171875
0.03560606060606061,0.005681818181818182
0.05714285714285715,0.05535714285714286
0.0474264705882353,0.03566176470588235
0.05625,0.040625
0.030882352941176472,0.011029411764705883
0.06463815789473684,0.05937499999999999
0.05555555555555555,0.04097222222222222
0.0,0.015277777777777779
0.04416666666666667,0.03333333333333333
0.04038461538461539,0.021153846153846155
0.043593749999999994,0.054322916666666665
0.029166666666666667,0.0
0.02857142857142857,0.03333333333333333
0.026666666666666665,0.049791666666666665
0.03958333333333333,0.00625
0.02307692307692308,0.014423076923076924
0.013095238095238094,0.020833333333333332
0.009722222222222222,0.0125
0.055625,0.16062500000000002
0.049999999999999996,0.03125
0.06944444444444445,0.022222222222222223
0.02986111111111111,0.009027777777777779
0.050694444444444445,0.014583333333333334
0.048214285714285716,0.0375
0.008333333333333333,0.004166666666666667
0.040909090909090916,0.03958333333333334
0.023809523809523815,0.022619047619047622
0.01759259259259259,0.002777777777777778
0.031818181818181815,0.023863636363636365
0.024242424242424242,0.05
0.04034090909090909,0.11079545454545454
0.06666666666666668,0.006944444444444444
0.07849462365591399,0.07325268817204302
0.018000000000000002,0.019500000000000003
0.061111111111111116,0.013888888888888888
0.02187499999999999,0.021975806451612904
0.052083333333333336,0.03125000000000001
0.015773809523809523,0.006845238095238094
0.05036764705882353,0.015073529411764708
0.08616071428571428,0.024553571428571428
0.01985294117647059,0.009926470588235295
0.042499999999999996,0.01125
0.084375,0.029910714285714284
0.05714285714285714,0.012797619047619047
0.03618421052631579,0.06052631578947368
0.052500000000000005,0.0175
0.0175,0.041875
0.04,0.017499999999999998
0.04772727272727273,0.02727272727272727
0.0037500000000000007,0.052500000000000005
0.015909090909090907,0.04242424242424243
0.050833333333333335,0.015000000000000001
0.05572916666666666,0.0
0.05416666666666667,0.09027777777777779
0.00625,0.034791666666666665
0.033482142857142856,0.033035714285714286
0.03076923076923077,0.028846153846153848
0.0818181818181818,0.10056818181818183
0.07326388888888889,0.009722222222222222
0.046913580246913576,0.010648148148148148
0.060069444444444446,0.019444444444444445
0.025,0.00703125
0.013999999999999999,0.0425
0.0,0.0
0.01015625,0.009375
0.04833333333333334,0.045625
0.1390625,0.02890625
0.022500000000000003,0.005
0.03854166666666666,0.016874999999999998
0.061764705882352944,0.03235294117647059
0.10347222222222223,0.07222222222222223
0.015625,0.00625
0.010833333333333334,0.0
0.005,0.02
0.016071428571428573,0.034375
0.021153846153846155,0.038461538461538464
0.044444444444444446,0.003472222222222222
0.0019230769230769232,0.022115384615384613
0.01363636363636364,0.10227272727272728
0.010714285714285716,0.02023809523809524
0.057692307692307696,0.011858974358974358
0.0734375,0.025
0.03276515151515152,0.03153409090909091
0.02976190476190476,0.043750000000000004
0.08645833333333335,0.06875
0.04519230769230769,0.022596153846153846
0.042499999999999996,0.0375
0.03125,0.0109375
0.017499999999999998,0.026250000000000002
0.019444444444444445,0.006944444444444444
0.08238636363636363,0.041477272727272724
0.0761111111111111,0.020000000000000004
0.011607142857142858,0.07500000000000002
0.01307471264367816,0.015517241379310345
0.10416666666666667,0.009375
0.016544117647058824,0.022794117647058822
0.025,0.03419117647058824
0.011764705882352941,0.014705882352941176
0.08611111111111111,0.04270833333333333
0.03,0.047749999999999994
0.028125000000000004,0.01875
0.02443181818181818,0.0125
0.023214285714285715,0.014285714285714285
0.06696428571428571,0.027678571428571424
0.056818181818181816,0.011363636363636364
0.07916666666666668,0.030555555555555558
0.043096405228758176,0.03799019607843137
0.007692307692307693,0.01346153846153846
0.023809523809523808,0.01904761904761905
0.03928571428571429,0.0125
0.03214285714285715,0.03571428571428571
0.04583333333333333,0.0265625
0.020588235294117647,0.02095588235294118
0.06875,0.017708333333333333
0.04088541666666667,0.02786458333333333
0.08088235294117647,0.022058823529411766
0.022727272727272728,0.024999999999999998
0.019444444444444445,0.02314814814814815
0.021394230769230773,0.0233974358974359
0.04972826086956522,0.02744565217391304
0.029411764705882353,0.027941176470588233
0.03666666666666667,0.0
0.013500000000000002,0.029000000000000005
0.0557828431372549,0.038641176470588234
0.06875,0.049999999999999996
0.0062499999999999995,0.020833333333333332
0.028125,0.00625
0.034280303030303036,0.02537878787878788
0.03158783783783784,0.03716216216216217
0.06148648648648647,0.027364864864864863
0.0725,0.015000000000000003
0.017329545454545455,0.014488636363636365
0.010869565217391304,0.01684782608695652
0.009259259259259259,0.03641975308641976
0.03508771929824561,0.009210526315789473
0.038645833333333345,0.03281250000000001
0.03097222222222222,0.030833333333333334
0.058229166666666665,0.0309375
0.05350877192982456,0.017763157894736842
0.10037878787878786,0.01818181818181818
0.07596153846153847,0.028846153846153848
0.0025,0.0075
0.0375,0.05865384615384616
0.0375,0.05865384615384616
0.04142857142857142,0.04839285714285715
0.0038461538461538464,0.014423076923076924
0.019444444444444445,0.0
0.010416666666666666,0.004166666666666667
0.036875,0.016875
0.023863636363636365,0.015056818181818182
0.009722222222222222,0.05555555555555555
0.04642857142857144,0.005357142857142857
0.0475,0.0375
0.0390625,0.04375
0.03375,0.041249999999999995
0.04375,0.009375000000000001
0.024999999999999998,0.04429824561403509
0.07166666666666667,0.022500000000000003
0.016666666666666666,0.08055555555555556
0.0675,0.042499999999999996
0.016385135135135134,0.04493243243243243
0.09062500000000001,0.034375
0.0625,0.03
0.02375,0.010625
0.02619047619047619,0.030952380952380953
0.0375,0.00625
0.030555555555555558,0.02222222222222222
0.05673076923076924,0.017788461538461538
0.034375,0.01875
0.08333333333333333,0.020833333333333332
0.0325,0.029166666666666667
0.05454545454545454,0.018181818181818184
0.08944444444444445,0.04833333333333334
0.026250000000000002,0.1125
0.009782608695652175,0.021739130434782608
0.021875,0.00625
0.06041666666666667,0.029687500000000002
0.03666666666666666,0.02
0.03472222222222222,0.015625
0.02692307692307692,0.009615384615384616
0.019444444444444445,0.005555555555555556
0.01015625,0.003125
0.01435185185185185,0.012152777777777778
0.012500000000000002,0.019791666666666666
0.011363636363636364,0.020454545454545454
0.058303030303030315,0.04093939393939394
0.012916666666666665,0.033888888888888885
0.03125000000000001,0.030000000000000006
0.038888888888888896,0.019444444444444445
0.06944444444444445,0.019444444444444445
0.03717105263157895,0.08234649122807018
0.018055555555555557,0.023842592592592596
0.005,0.027500000000000004
0.05000000000000001,0.02291666666666667
0.010344827586206896,0.017241379310344827
0.03125,0.023611111111111114
0.043750000000000004,0.02916666666666667
0.07324561403508771,0.04583333333333334
0.06614583333333333,0.030208333333333334
0.040625,0.075625
0.01153846153846154,0.0019230769230769232
0.006521739130434782,0.008695652173913044
0.0375,0.0125
0.0125,0.005
0.013750000000000002,0.01625
0.044166666666666674,0.00625
0.0025,0.00625
0.01,0.01
0.02222222222222222,0.052430555555555564
0.020738636363636362,0.023295454545454543
0.020833333333333332,0.07239583333333334
0.030555555555555558,0.045000000000000005
0.03203125,0.0546875
0.04155405405405405,0.0445945945945946
0.06791666666666667,0.04
0.009090909090909092,0.015909090909090907
0.00625,0.009375
0.025595238095238095,0.008928571428571428
0.021621621621621623,0.014527027027027026
0.019851851851851857,0.035240740740740746
0.008333333333333335,0.008333333333333335
0.029545454545454545,0.04431818181818182
0.020833333333333332,0.013541666666666667
0.020238095238095236,0.02619047619047619
0.02361111111111111,0.04861111111111111
0.03557692307692308,0.05673076923076924
0.05986842105263158,0.01118421052631579
0.023419540229885058,0.03017241379310345
0.010714285714285714,0.004464285714285714
0.022727272727272724,0.042045454545454546
0.01,0.035
0.012499999999999999,0.01919642857142857
0.08125000000000002,0.02666666666666667
0.02564102564102564,0.020833333333333332
0.027499999999999997,0.06375
0.03229166666666666,0.021875000000000002
0.005,0.0025
0.021153846153846155,0.05048076923076924
0.04145833333333333,0.006666666666666666
0.008333333333333335,0.0
0.05239197530864197,0.03981481481481481
0.051111111111111114,0.035277777777777776
0.009375,0.15625
0.044230769230769226,0.1144230769230769
0.037980769230769235,0.06298076923076924
0.018055555555555554,0.05509259259259259
0.031081081081081086,0.034797297297297296
0.04236111111111111,0.01875
0.0075000000000000015,0.008749999999999999
0.04427083333333332,0.05590277777777778
0.0,0.078125
0.04958333333333333,0.07875
0.013888888888888888,0.006944444444444444
0.011363636363636364,0.010227272727272727
0.03620689655172415,0.08879310344827586
0.06302083333333335,0.10677083333333333
0.04337121212121212,0.08731060606060606
0.07968750000000001,0.034375
0.057499999999999996,0.01
0.03625,0.017499999999999998
0.04,0.07375
0.005,0.034999999999999996
0.058125,0.026250000000000002
0.023529411764705882,0.011029411764705883
0.0125,0.015277777777777779
0.10462962962962964,0.008333333333333335
0.07044753086419753,0.05146604938271605
0.037500000000000006,0.06532258064516129
0.04666666666666667,0.06250000000000001
0.035937500000000004,0.02578125
0.080625,0.01875
0.013392857142857142,0.017410714285714286
0.024999999999999998,0.01875
0.021666666666666667,0.02
0.043750000000000004,0.018125000000000002
0.007692307692307693,0.03653846153846154
0.052500000000000005,0.058333333333333334
0.021695402298850582,0.03814655172413794
0.024999999999999998,0.04807692307692308
0.0717948717948718,0.05641025641025642
0.04358974358974359,0.02307692307692308
0.025154320987654327,0.009722222222222224
0.05909090909090909,0.014772727272727272
0.07291666666666667,0.014692982456140351
0.008333333333333335,0.005555555555555556
0.024890350877192987,0.04605263157894737
0.014473684210526317,0.010526315789473684
0.025,0.01125
0.09322916666666667,0.028906249999999998
0.035555555555555556,0.026111111111111116
0.019462719298245612,0.02532894736842105
0.03958333333333334,0.014583333333333332
0.0671875,0.10625
0.043589743589743594,0.008653846153846154
0.09765625,0.1609375
0.0125,0.0325
0.028247549019607843,0.023529411764705882
0.03035714285714286,0.02172619047619048
0.016666666666666666,0.040625
0.02,0.06083333333333333
0.030882352941176472,0.007352941176470588
0.07434210526315789,0.028289473684210524
0.03518518518518518,0.0837962962962963
0.0375,0.052500000000000005
0.043620000000000006,0.09638
0.0,0.011111111111111112
0.030555555555555558,0.041666666666666664
0.01875,0.0171875
0.005555555555555556,0.002777777777777778
0.05978260869565218,0.01847826086956522
0.06171875,0.0390625
0.043750000000000004,0.04034090909090909
0.025416666666666664,0.07541666666666667
0.08863636363636364,0.014204545454545454
0.035,0.06833333333333333
0.055468750000000004,0.0
0.009375000000000001,0.03541666666666667
0.0375,0.049999999999999996
0.029166666666666664,0.014583333333333335
0.011941964285714287,0.019419642857142854
0.05000000000000001,0.015625
0.041666666666666664,0.020833333333333332
0.02733739837398374,0.048424796747967486
0.045000000000000005,0.015000000000000001
0.015,0.028750000000000005
0.0038461538461538464,0.051923076923076926
0.018622448979591838,0.023299319727891156
0.015625,0.04687500000000001
0.03375,0.0240625
0.027083333333333334,0.043750000000000004
0.024137931034482762,0.028879310344827592
0.03541666666666667,0.029166666666666664
0.07534722222222223,0.027662037037037037
0.025,0.008653846153846154
0.023809523809523808,0.011607142857142856
0.06458333333333334,0.019444444444444445
0.04034090909090909,0.06420454545454546
0.08055555555555556,0.09444444444444444
0.011111111111111112,0.0
0.07137681159420292,0.00923913043478261
0.012499999999999999,0.06875
0.013636363636363636,0.022727272727272728
0.050833333333333335,0.03375000000000001
0.028571428571428574,0.016071428571428573
0.05686274509803922,0.047058823529411764
0.06805555555555556,0.06805555555555556
0.03148148148148148,0.020601851851851854
0.06118421052631579,0.050877192982456146
0.01,0.005
0.06171875,0.046093749999999996
0.00681818181818182,0.004545454545454546
0.04967105263157895,0.02598684210526316
0.01966666666666667,0.009000000000000001
0.10119047619047618,0.024404761904761905
0.007352941176470588,0.027941176470588233
0.011111111111111112,0.02361111111111111
0.08181818181818182,0.030681818181818185
0.029687500000000002,0.0390625
0.034375,0.012499999999999999
0.015,0.15499999999999997
0.03177083333333333,0.035937500000000004
0.10520833333333335,0.005208333333333333
0.06704545454545453,0.07386363636363637
0.06272321428571428,0.030133928571428575
0.04625,0.0725
0.016666666666666666,0.05000000000000001
0.03072916666666667,0.05458333333333334
0.02291666666666667,0.010416666666666666
0.04041666666666667,0.06375
0.022537878787878787,0.03607954545454545
0.047656250000000004,0.01875
0.03923611111111111,0.036458333333333336
0.0423913043478261,0.023369565217391308
0.022727272727272724,0.05
0.040625,0.023958333333333335
0.01740196078431373,0.019852941176470587
0.03333333333333333,0.05625
0.036111111111111115,0.09166666666666666
0.021111111111111115,0.0
0.08541666666666668,0.035416666666666666
0.03666666666666667,0.11833333333333333
0.025000000000000005,0.005
0.015625,0.0921875
0.04772727272727272,0.01186868686868687
0.06958333333333334,0.026250000000000002
0.0125,0.015625
0.06363636363636364,0.0
0.03,0.04875
0.05,0.04807692307692308
0.009090909090909092,0.024999999999999998
0.019230769230769232,0.05576923076923078
0.015625,0.014062499999999999
0.012499999999999999,0.023214285714285715
0.038461538461538464,0.04711538461538462
0.025,0.01875
0.01666666666666667,0.03625
0.043750000000000004,0.025
0.0125,0.0125
0.0071428571428571435,0.034374999999999996
0.06796875,0.018750000000000003
0.049999999999999996,0.017708333333333333
0.0375,0.05083333333333333
0.017741935483870968,0.024126344086021507
0.05817307692307693,0.02668269230769231
0.044166666666666674,0.075
0.019375,0.093125
0.04649999999999999,0.04650000000000001
0.05,0.01363636363636364
0.035227272727272725,0.008333333333333333
0.011666666666666665,0.041666666666666664
0.012,0.0185
0.04583333333333334,0.009722222222222222
0.040625,0.034375
0.005555555555555556,0.007407407407407408
0.043250000000000004,0.012416666666666666
0.018627450980392157,0.0058823529411764705
0.019062500000000003,0.0134375
0.06458333333333334,0.021875
0.02045454545454545,0.04034090909090909
0.0453125,0.0671875
0.04273255813953489,0.04127906976744186
0.06371527777777779,0.05052083333333333
0.015,0.01875
0.013888888888888888,0.011111111111111112
0.025,0.0125
0.03289473684210527,0.019078947368421053
0.081875,0.04812500000000001
0.04479166666666667,0.011458333333333334
0.03611111111111111,0.05277777777777778
0.0416015625,0.028971354166666664
0.07361111111111111,0.020833333333333332
0.008333333333333333,0.06666666666666667
0.03978235294117648,0.0447764705882353
0.017499999999999998,0.0
0.0734375,0.034375
0.022222222222222223,0.04861111111111111
0.050624999999999996,0.11812500000000001
0.023437500000000003,0.11302083333333335
0.04597222222222223,0.04645833333333333
0.06666666666666667,0.027777777777777776
0.03125,0.015773809523809527
0.00625,0.0
0.03257575757575758,0.025
0.034375,0.005803571428571429
0.090625,0.01796875
0.019047619047619046,0.008333333333333333
0.08715277777777779,0.034375
0.037500000000000006,0.03166666666666666
0.0713768115942029,0.01141304347826087
0.0421875,0.05468750000000001
0.023761261261261265,0.013513513513513514
0.06538461538461539,0.04358974358974359
0.03518518518518518,0.07777777777777778
0.012499999999999999,0.014583333333333332
0.030113636363636367,0.002840909090909091
0.021428571428571432,0.017857142857142856
0.01,0.041666666666666664
0.043750000000000004,0.013541666666666667
0.0019230769230769232,0.0125
0.03453947368421053,0.037171052631578945
0.05916666666666668,0.0075000000000000015
0.026666666666666672,0.011111111111111112
0.04652777777777778,0.04895833333333333
0.03888888888888889,0.020833333333333332
0.025,0.036328125
0.1625,0.098125
0.025694444444444443,0.01597222222222222
0.032,0.0195
0.024166666666666666,0.0275
0.011363636363636364,0.0125
0.0208984375,0.021093749999999998
0.027941176470588237,0.011764705882352941
0.021666666666666667,0.015000000000000001
0.0703125,0.026562500000000003
0.04875,0.035833333333333335
0.01647727272727273,0.00681818181818182
0.04,0.005000000000000001
0.04015151515151515,0.02916666666666667
0.0125,0.00625
0.0375,0.02109375
0.00625,0.0
0.04071969696969696,0.04924242424242423
0.040624999999999994,0.14062500000000003
0.04833333333333333,0.009166666666666667
0.045432692307692306,0.04991987179487179
0.004166666666666667,0.026041666666666668
0.11180555555555555,0.06145833333333333
0.02291666666666667,0.015625
0.04791666666666666,0.014583333333333332
0.01346153846153846,0.07115384615384615
0.015625,0.0140625
0.034375,0.0734375
0.059166666666666666,0.013750000000000002
0.040625,0.1015625
0.008333333333333333,0.03125
0.04230769230769231,0.02788461538461539
0.043999999999999984,0.023333333333333334
0.00681818181818182,0.0125
0.042499999999999996,0.06999999999999999
0.06018518518518518,0.019907407407407405
0.06875,0.009375
0.062109375,0.016796875000000003
0.030000000000000002,0.006666666666666667
0.06785714285714287,0.017857142857142856
0.03666666666666667,0.035
0.051562500000000004,0.025520833333333336
0.017499999999999998,0.0325
0.05083333333333333,0.043333333333333335
0.06944444444444445,0.04583333333333333
0.026351351351351356,0.03828828828828829
0.04342105263157895,0.05230263157894738
0.037500000000000006,0.0484375
0.03141025641025641,0.01706730769230769
0.06333333333333334,0.030833333333333334
0.023684210526315794,0.01513157894736842
0.05151515151515151,0.07272727272727274
0.04027777777777778,0.018055555555555557
0.013888888888888888,0.022222222222222223
0.0678030303030303,0.07607323232323233
0.008928571428571428,0.06517857142857143
0.046875,0.09140625000000001
0.04635416666666667,0.02760416666666667
0.046875,0.0484375
0.03290229885057471,0.02801724137931035
0.020588235294117647,0.05661764705882353
0.0,0.04916666666666668
0.01931818181818182,0.01515151515151515
0.057670454545454546,0.05823863636363636
0.03194444444444445,0.05972222222222222
0.033680555555555554,0.011805555555555555
0.03269230769230769,0.03461538461538462
0.002777777777777778,0.008333333333333335
0.021388888888888888,0.012500000000000002
0.03333333333333333,0.05166666666666666
0.07250000000000001,0.036250000000000004
0.0728125,0.0678125
0.030000000000000006,0.04833333333333334
0.03636363636363637,0.025
0.025000000000000005,0.011842105263157893
0.06406250000000001,0.003515625
0.014285714285714287,0.02544642857142857
0.043333333333333335,0.06416666666666666
0.08249999999999998,0.0315
0.03166666666666666,0.006666666666666667
0.06843750000000001,0.0553125
0.06000000000000001,0.00625
0.06571428571428571,0.040476190476190464
0.07948717948717948,0.01346153846153846
0.020833333333333332,0.04861111111111111
0.035416666666666666,0.021875
0.010795454545454546,0.010227272727272727
0.01875,0.051562500000000004
0.014000000000000002,0.013500000000000002
0.070625,0.051875000000000004
0.045312500000000006,0.0765625
0.038368055555555544,0.035416666666666666
0.017708333333333336,0.020833333333333332
0.030392156862745094,0.016666666666666666
0.05104166666666667,0.02135416666666667
0.014583333333333332,0.03125
0.035,0.018333333333333333
0.004411764705882354,0.01911764705882353
0.046875,0.0703125
0.06927083333333334,0.010416666666666666
0.10769230769230768,0.025
0.07613636363636364,0.038636363636363635
0.0375,0.0625
0.018269230769230774,0.06105769230769231
0.05441176470588235,0.07647058823529412
0.025,0.07045454545454545
0.06944444444444445,0.04814814814814815
0.023996913580246915,0.05432098765432098
0.01,0.04875
0.021428571428571432,0.03035714285714286
0.019444444444444445,0.041666666666666664
0.04635416666666667,0.007031249999999999
0.052083333333333336,0.0
0.0203125,0.059895833333333336
0.05535714285714286,0.022767857142857145
0.051136363636363646,0.05227272727272727
0.03495370370370371,0.041666666666666664
0.02638888888888889,0.03591269841269841
0.04916666666666667,0.06999999999999999
0.04807692307692308,0.06538461538461539
0.025,0.012499999999999999
0.065625,0.05885416666666667
0.04224137931034482,0.025431034482758623
0.00681818181818182,0.011363636363636364
0.0421875,0.059375
0.04605555555555555,0.07894444444444444
0.036458333333333336,0.01875
0.04151785714285715,0.03705357142857143
0.04125,0.035
0.021666666666666664,0.007500000000000001
0.052500000000000005,0.0375
0.09609375,0.00703125
0.02998511904761905,0.026860119047619046
0.008928571428571428,0.008928571428571428
0.014285714285714287,0.03482142857142857
0.12562500000000001,0.026875
0.02291666666666667,0.027083333333333334
0.05897435897435898,0.01730769230769231
0.02,0.0375
0.04459876543209877,0.01790123456790124
0.0390625,0.03671875
0.017857142857142856,0.04970238095238095
0.027500000000000004,0.03625
0.00625,0.009375000000000001
0.0171875,0.0203125
0.05384615384615384,0.00576923076923077
0.05972222222222222,0.009027777777777779
0.04666666666666667,0.005000000000000001
0.0075,0.0075000000000000015
0.06484375,0.01328125
0.053888888888888896,0.06277777777777778
0.027644230769230775,0.023958333333333335
0.025,0.020833333333333332
0.04261363636363636,0.022727272727272728
0.003125,0.0
0.023784722222222224,0.018229166666666668
0.052500000000000005,0.10374999999999998
0.07250000000000001,0.0625
0.06075,0.013000000000000001
0.0644607843137255,0.021323529411764706
0.06898148148148148,0.05231481481481482
0.062103174603174605,0.03923611111111111
0.04000000000000001,0.005000000000000001
0.029166666666666667,0.09375
0.02777777777777778,0.03965277777777777
0.07820512820512822,0.022115384615384617
0.01875,0.0020833333333333333
0.04242424242424243,0.0
0.037500000000000006,0.01953125
0.059558823529411775,0.0375
0.052083333333333336,0.009375
0.023076923076923075,0.016346153846153847
0.02321428571428571,0.021428571428571432
0.034848484848484844,0.004545454545454546
0.01,0.0625
0.04264705882352941,0.015441176470588232
0.025271739130434786,0.017934782608695653
0.01220238095238095,0.009523809523809525
0.0,0.0
0.12578125,0.01953125
0.004166666666666667,0.029166666666666664
0.0,0.003125
0.035,0.028500000000000004
0.0673076923076923,0.02307692307692308
0.0213768115942029,0.025815217391304348
0.0075000000000000015,0.02
0.07916666666666666,0.07777777777777778
0.04107142857142858,0.016071428571428573
0.04166666666666667,0.04236111111111111
0.02265625,0.078125
0.044270833333333336,0.02291666666666667
0.040860215053763436,0.012903225806451613
0.03359375,0.08203125
0.046875,0.006510416666666666
0.0796875,0.04375
0.1152777777777778,0.03680555555555556
0.028472222222222218,0.028472222222222225
0.033854166666666664,0.010937500000000001
0.03362068965517242,0.019827586206896553
0.096875,0.05437499999999999
0.0025,0.01625
0.016458333333333335,0.028999999999999998
0.02797619047619048,0.01875
0.04583333333333334,0.02958333333333333
0.0421875,0.0234375
0.033823529411764704,0.007352941176470588
0.07777777777777778,0.002777777777777778
0.009375000000000001,0.040625
0.03888888888888889,0.037500000000000006
0.02727272727272728,0.024431818181818186
0.0062499999999999995,0.04956140350877193
0.011363636363636364,0.0
0.09696969696969697,0.08409090909090909
0.025,0.04291666666666667
0.0,0.0
0.06171875,0.01953125
0.01666666666666667,0.025347222222222226
0.0453125,0.075
0.025390625,0.020703125
0.03854166666666667,0.011458333333333334
0.053125000000000006,0.017708333333333333
0.04305555555555555,0.03819444444444445
0.02321428571428572,0.023214285714285715
0.0325,0.0
0.06676136363636363,0.013920454545454547
0.03774509803921569,0.05049019607843138
0.04097222222222222,0.029166666666666664
0.0578125,0.015625
0.06,0.03125
0.027564102564102563,0.009615384615384616
0.04772727272727273,0.025
0.0125,0.00625
0.09333333333333332,0.05791666666666665
0.044444444444444446,0.005555555555555556
0.018579365079365084,0.042134920634920636
0.04041666666666667,0.12583333333333332
0.030555555555555558,0.013888888888888888
0.04479166666666667,0.0171875
0.015804597701149427,0.020043103448275864
0.015625,0.0828125
0.04313725490196079,0.0029411764705882353
0.019642857142857146,0.0
0.03526785714285714,0.025595238095238095
0.065625,0.0078125
0.03888888888888889,0.016666666666666666
0.032407407407407406,0.04212962962962963
0.025694444444444443,0.12222222222222223
0.014743589743589745,0.020512820512820513
0.027500000000000004,0.02
0.008088235294117648,0.008088235294117648
0.04403409090909091,0.01903409090909091
0.07569444444444445,0.011805555555555555
0.07045454545454545,0.05454545454545454
0.014583333333333332,0.007291666666666666
0.03125,0.013020833333333334
0.019230769230769232,0.021153846153846155
0.018750000000000003,0.0015625
0.0,0.0
0.014166666666666668,0.05625
0.09019607843137256,0.018627450980392157
0.05357142857142857,0.011607142857142858
0.021875,0.1203125
0.06785714285714287,0.033035714285714286
0.05666666666666667,0.014499999999999999
0.05208333333333334,0.019444444444444445
0.12,0.003125
0.044444444444444446,0.024305555555555556
0.058333333333333334,0.1388888888888889
0.03794642857142857,0.027232142857142854
0.07395833333333333,0.1046875
0.05,0.025
0.06666666666666668,0.011111111111111112
0.07859848484848485,0.0384469696969697
0.05580357142857143,0.021279761904761905
0.08715277777777779,0.03298611111111111
0.011111111111111112,0.009722222222222222
0.008333333333333333,0.013333333333333334
0.017307692307692305,0.03461538461538462
0.02142857142857143,0.014285714285714287
0.026086956521739136,0.02391304347826087
0.04230769230769231,0.075
0.002777777777777778,0.010185185185185186
0.0484375,0.0015625
0.10000000000000002,0.013888888888888888
0.05066489361702128,0.02606382978723405
0.028395061728395062,0.04683641975308642
0.0125,0.0328125
0.028333333333333335,0.049166666666666664
0.02368421052631579,0.07171052631578947
0.029687500000000006,0.01953125
0.02826086956521739,0.020652173913043477
0.1571428571428571,0.0642857142857143
0.01081081081081081,0.01841216216216216
0.037500000000000006,0.059375000000000004
0.052500000000000005,0.0625
0.009722222222222222,0.009722222222222222
0.013095238095238096,0.034523809523809526
0.06979166666666668,0.01875
0.071875,0.046875
0.11875000000000001,0.05069444444444445
0.06416666666666668,0.06541666666666666
0.028333333333333335,0.05416666666666667
0.09444444444444444,0.019444444444444445
0.0625,0.00625
0.05714285714285715,0.02321428571428572
0.07275641025641025,0.05128205128205129
0.05507246376811595,0.05570652173913043
0.046250000000000006,0.0016666666666666668
0.027500000000000004,0.01
0.056060606060606075,0.028409090909090908
0.025,0.015625
0.015625,0.00625
0.013636363636363636,0.04431818181818182
0.04583333333333334,0.014583333333333332
0.11282051282051281,0.00673076923076923
0.005357142857142858,0.0625
0.029261363636363637,0.02556818181818182
0.017424242424242422,0.0662878787878788
0.041875,0.03958333333333333
0.030555555555555558,0.019444444444444445
0.009090909090909092,0.029545454545454545
0.07578125000000001,0.04296875
0.047499999999999994,0.079
0.03627450980392157,0.022058823529411766
0.03636363636363636,0.011363636363636364
0.006250000000000001,0.013541666666666667
0.07578125,0.0234375
0.020454545454545454,0.08522727272727272
0.06015625,0.00390625
0.010416666666666666,0.0020833333333333333
0.06590909090909092,0.023863636363636365
0.01,0.005
0.032421875,0.02578125
0.009090909090909092,0.010227272727272729
0.022058823529411766,0.016176470588235296
0.03900000000000001,0.0165
0.03480392156862745,0.004411764705882354
0.05208333333333332,0.020833333333333332
0.022321428571428572,0.0380952380952381
0.08078703703703703,0.1
0.05703125,0.032031250000000004
0.02222222222222222,0.02013888888888889
0.059239130434782614,0.05163043478260869
0.03214285714285714,0.022321428571428572
0.03966836734693878,0.04464285714285714
0.005,0.00625
0.015625,0.043750000000000004
0.02,0.02375
0.06875,0.03833333333333333
0.040624999999999994,0.0953125
0.005,0.00625
0.12307692307692307,0.06826923076923076
0.06953125,0.025781250000000002
0.01875,0.0265625
0.00681818181818182,0.0
0.04766666666666666,0.0355
0.0625,0.044
0.006818181818181818,0.09318181818181817
0.060416666666666674,0.008333333333333333
0.023809523809523808,0.04047619047619048
0.052500000000000005,0.04812500000000001
0.043198529411764705,0.025183823529411762
0.00625,0.003472222222222222
0.05178571428571428,0.03511904761904762
0.0546875,0.0078125
0.07960526315789473,0.08947368421052632
0.002272727272727273,0.019318181818181818
0.034,0.04166666666666667
0.01153846153846154,0.02355769230769231
0.053125000000000006,0.01796875
0.03981481481481482,0.04050925925925926
0.08125,0.00625
0.030000000000000006,0.014999999999999998
0.05,0.00859375
0.04687500000000001,0.03489583333333333
0.013541666666666667,0.034895833333333334
0.0125,0.018750000000000003
0.030882352941176472,0.02463235294117647
0.028846153846153848,0.019230769230769232
0.04021739130434783,0.004347826086956522
0.017045454545454544,0.020454545454545454
0.02065217391304348,0.01657608695652174
0.02638888888888889,0.10416666666666667
0.04230769230769231,0.019230769230769232
0.057499999999999996,0.0825
0.021180555555555553,0.03425925925925926
0.0020833333333333333,0.05416666666666667
0.0038461538461538464,0.0038461538461538464
0.04791666666666666,0.031249999999999997
0.013636363636363636,0.009090909090909092
0.0325,0.12437499999999999
0.06999999999999998,0.04857142857142857
0.07485119047619047,0.012648809523809522
0.025520833333333336,0.052083333333333336
0.047580645161290326,0.043548387096774194
0.026086956521739136,0.017391304347826087
0.05687500000000001,0.01
0.04090909090909091,0.007954545454545454
0.013999999999999999,0.016
0.04044117647058823,0.014705882352941176
0.036111111111111115,0.006944444444444444
0.05625,0.02395833333333333
0.0712962962962963,0.026851851851851852
0.046875,0.0
0.05113636363636364,0.00681818181818182
0.025793650793650792,0.023908730158730157
0.04230769230769231,0.07019230769230769
0.027500000000000004,0.017499999999999998
0.04807692307692309,0.00673076923076923
0.04583333333333334,0.12187500000000001
0.014285714285714285,0.0035714285714285718
0.009375000000000001,0.009375000000000001
0.0961111111111111,0.03125
0.025,0.03375
0.048529411764705876,0.058823529411764705
0.03958333333333333,0.08278985507246377
0.02718253968253969,0.030357142857142853
0.053703703703703705,0.12268518518518519
0.03333333333333334,0.038107638888888885
0.06557971014492754,0.02826086956521739
0.04549731182795699,0.03790322580645161
0.03229166666666667,0.035416666666666666
0.06611111111111112,0.0875
0.10277777777777779,0.002777777777777778
0.05,0.015277777777777779
0.013888888888888888,0.027083333333333334
0.030952380952380953,0.051190476190476196
0.01953125,0.021875000000000002
0.065,0.013999999999999999
0.033749999999999995,0.017499999999999998
0.05738636363636363,0.09943181818181818
0.05,0.011363636363636364
0.0891304347826087,0.014673913043478261
0.01666666666666667,0.01478174603174603
0.047443181818181815,0.025094696969696965
0.07005208333333333,0.01640625
0.05390625,0.01015625
0.017830882352941176,0.015625000000000003
0.06805555555555556,0.034722222222222224
0.06875,0.1125
0.027083333333333334,0.03159722222222222
0.0921474358974359,0.040865384615384616
0.04293981481481482,0.023611111111111114
0.03235294117647059,0.027205882352941177
0.028571428571428574,0.011607142857142858
0.020634920634920634,0.011607142857142858
0.010416666666666666,0.034722222222222224
0.06614583333333333,0.021875000000000002
0.056712962962962965,0.032407407407407406
0.0,0.041249999999999995
0.041369047619047625,0.05327380952380953
0.09818840579710145,0.0588768115942029
0.0328125,0.01640625
0.005,0.005
0.008653846153846153,0.03173076923076923
0.0484375,0.0515625
0.0035714285714285718,0.012499999999999999
0.00625,0.009375000000000001
0.014583333333333334,0.02666666666666667
0.012916666666666665,0.06583333333333334
0.04616228070175439,0.045942982456140355
0.0675,0.017499999999999998
0.045710784313725494,0.042892156862745105
0.030397727272727274,0.02443181818181818
0.12118055555555556,0.017708333333333336
0.023046875,0.044921875
0.11704545454545455,0.006818181818181818
0.043750000000000004,0.03125
0.06306818181818183,0.009090909090909092
0.022916666666666665,0.04916666666666667
0.03519144144144144,0.02072072072072072
0.00576923076923077,0.019230769230769232
0.0675,0.061250000000000006
0.023863636363636365,0.002272727272727273
0.03214285714285715,0.026785714285714284
0.03409090909090909,0.09318181818181817
0.075,0.05381944444444445
0.08750000000000001,0.04017857142857143
0.045654761904761906,0.036250000000000004
0.044000000000000004,0.05399999999999999
0.0921875,0.0296875
0.0,0.0140625
0.0075000000000000015,0.0
0.0171875,0.01015625
0.02692307692307692,0.07403846153846154
0.015277777777777779,0.005555555555555556
0.08125,0.0
0.025,0.10687500000000001
0.0,0.0
0.02471590909090909,0.03920454545454546
0.027083333333333334,0.01875
0.05865384615384616,0.044551282051282046
0.059848484848484845,0.024810606060606064
0.04222222222222222,0.027175925925925926
0.03185483870967742,0.03004032258064516
0.016000000000000004,0.03516666666666667
0.04453124999999999,0.03958333333333334
0.023863636363636365,0.005303030303030303
0.019827586206896553,0.0331896551724138
0.04163461538461538,0.027884615384615383
0.06583333333333334,0.044166666666666674
0.05625,0.05654761904761905
0.044150641025641035,0.020833333333333336
0.05000000000000001,0.052083333333333336
0.030555555555555558,0.005555555555555556
0.1111111111111111,0.04722222222222222
0.017307692307692305,0.04679487179487179
0.0475,0.016000000000000004
0.0515625,0.047656250000000004
0.0462962962962963,0.053703703703703705
0.026968864468864463,0.02978479853479853
0.015625,0.05546875
0.003125,0.003125
0.055303030303030305,0.0696969696969697
0.04416666666666667,0.017499999999999998
0.00625,0.0625
0.06574074074074074,0.06018518518518518
0.029320987654320986,0.019444444444444445
0.04416666666666666,0.02
0.03804347826086957,0.030434782608695653
0.019791666666666662,0.01636904761904762
0.040625,0.007291666666666666
0.042708333333333334,0.03125
0.0075,0.0
0.04975961538461538,0.028124999999999997
0.02883064516129032,0.03467741935483871
0.026041666666666668,0.016145833333333335
0.019444444444444445,0.017361111111111112
0.03,0.05500000000000001
0.04744318181818183,0.029829545454545456
0.016666666666666666,0.016666666666666666
0.09471153846153847,0.10817307692307693
0.028125000000000008,0.007291666666666668
0.02692307692307692,0.010096153846153847
0.03482142857142857,0.05267857142857143
0.0540625,0.008124999999999999
0.030555555555555558,0.061111111111111116
0.037500000000000006,0.0515625
0.023333333333333334,0.011666666666666665
0.014000000000000002,0.023
0.042499999999999996,0.01125
0.041666666666666664,0.0140625
0.02727272727272727,0.07954545454545454
0.06470588235294118,0.03602941176470588
0.0175,0.041249999999999995
0.01363636363636364,0.031818181818181815
0.02708333333333333,0.027083333333333334
0.031018518518518518,0.020833333333333332
0.03333333333333333,0.019791666666666666
0.06875,0.0265625
0.02884615384615385,0.01153846153846154
0.025,0.009375000000000001
0.025520833333333336,0.078125
0.030587121212121215,0.036174242424242414
0.05714285714285715,0.060714285714285714
0.10037878787878786,0.05227272727272727
0.060227272727272727,0.022727272727272728
0.07223837209302325,0.07165697674418604
0.026000000000000002,0.07150000000000001
0.025,0.014062499999999999
0.05392156862745098,0.047058823529411764
0.04736842105263159,0.05263157894736842
0.07307692307692307,0.01346153846153846
0.08522727272727272,0.020454545454545454
0.05092592592592592,0.06296296296296296
0.013333333333333334,0.03958333333333333
0.019736842105263157,0.004605263157894736
0.07324561403508772,0.053289473684210525
0.0640625,0.03125
0.019444444444444445,0.022222222222222223
0.05367647058823529,0.019117647058823527
0.01,0.008333333333333333
0.04772727272727273,0.047159090909090914
0.0,0.065625
0.019444444444444445,0.07500000000000001
0.013793103448275864,0.01293103448275862
0.10555555555555556,0.03680555555555556
0.02291666666666667,0.019531249999999997
0.03613281250000001,0.05371093749999999
0.02361111111111111,0.0
0.022435897435897436,0.13605769230769232
0.025,0.01796875
0.028787878787878793,0.009090909090909092
0.042214912280701754,0.032182017543859645
0.012499999999999999,0.01607142857142857
0.04861111111111111,0.01875
0.016666666666666666,0.02416666666666667
0.014583333333333334,0.03046875
0.07045454545454545,0.030113636363636363
0.014285714285714285,0.044642857142857144
0.021249999999999998,0.021249999999999998
0.05375,0.02759615384615384
0.0712962962962963,0.013888888888888888
0.042261904761904764,0.01488095238095238
0.03888888888888889,0.04305555555555555
0.02421875,0.05859375000000001
0.043518518518518526,0.005555555555555556
0.024621212121212124,0.02765151515151515
0.006818181818181818,0.03409090909090909
0.002777777777777778,0.07037037037037036
0.02692307692307692,0.03173076923076923
0.04565217391304348,0.025905797101449274
0.015995762711864408,0.021716101694915255
0.041666666666666664,0.04642857142857143
0.0325,0.01916666666666667
0.037777777777777785,0.005000000000000001
0.030555555555555558,0.013690476190476189
0.0475,0.034999999999999996
0.025,0.0608695652173913
0.08333333333333334,0.021527777777777778
0.07678571428571428,0.01875
0.018518518518518517,0.004629629629629629
0.07105855855855857,0.05
0.041666666666666664,0.028125
0.017927631578947372,0.012883771929824562
0.02361111111111111,0.0
0.08455882352941177,0.022794117647058826
0.03413461538461538,0.056249999999999994
0.04791666666666667,0.01171875
0.02916666666666667,0.008333333333333333
0.03819444444444445,0.06597222222222222
0.004605263157894736,0.02192982456140351
0.03333333333333333,0.0625
0.03295454545454546,0.004545454545454546
0.030357142857142857,0.05625
0.05525,0.01325
0.022222222222222223,0.022619047619047622
0.013888888888888888,0.022222222222222223
0.011458333333333333,0.053125
0.060625,0.06312500000000001
0.05039062500000001,0.010546874999999999
0.014000000000000002,0.017
0.08347222222222221,0.01375
0.04375,0.013942307692307691
0.025,0.09
0.0342948717948718,0.024038461538461536
0.017174796747967482,0.018902439024390243
0.065625,0.01640625
0.024999999999999998,0.018750000000000003
0.03584770114942529,0.03103448275862069
0.005000000000000001,0.005000000000000001
0.0,0.021875
0.031190476190476196,0.036428571428571435
0.0,0.0
0.015909090909090907,0.08181818181818182
0.03930921052631578,0.009868421052631577
0.049519230769230774,0.01201923076923077
0.029411764705882353,0.030882352941176472
0.030208333333333337,0.05960648148148148
0.03181818181818182,0.02727272727272728
0.053314393939393946,0.005113636363636364
0.05555555555555555,0.03194444444444444
0.06333333333333332,0.044166666666666674
0.0484375,0.0265625
0.009375,0.0578125
0.055059523809523815,0.03392857142857143
0.05,0.03666666666666667
0.02552083333333334,0.028125
0.0125,0.015625
0.03157894736842106,0.02236842105263158
0.035546875,0.0125
0.016666666666666666,0.020833333333333332
0.08611111111111111,0.10694444444444445
0.08472222222222223,0.020833333333333332
0.024999999999999998,0.0171875
0.09722222222222222,0.019444444444444445
0.05555555555555555,0.0
0.07777777777777778,0.04125
0.01987179487179487,0.12948717948717947
0.04055555555555556,0.06527777777777778
0.028125,0.01875
0.014285714285714285,0.014285714285714287
0.024999999999999998,0.037500000000000006
0.013636363636363636,0.004545454545454546
0.031534090909090914,0.03380681818181819
0.02500000000000001,0.03295454545454546
0.05606060606060606,0.04772727272727273
0.034375,0.084375
0.019444444444444445,0.08888888888888889
0.02631578947368421,0.027631578947368417
0.03888888888888889,0.06736111111111111
0.015714285714285715,0.0275
0.01,0.0125
0.04047619047619048,0.011904761904761904
0.016666666666666666,0.012499999999999999
0.026682692307692307,0.01850961538461538
0.04625,0.028125
0.04729166666666667,0.065625
0.08416666666666668,0.01125
0.022794117647058826,0.016544117647058827
0.01875,0.033593750000000006
0.042857142857142864,0.01547619047619048
0.05889423076923076,0.027644230769230768
0.026704545454545457,0.02225378787878788
0.008333333333333335,0.005555555555555556
0.00703125,0.0421875
0.05833333333333334,0.03958333333333334
0.01911764705882353,0.006617647058823529
0.02327586206896552,0.01810344827586207
0.004166666666666667,0.007291666666666666
0.099375,0.04625
0.03333333333333333,0.04887152777777778
0.0020833333333333333,0.022569444444444448
0.015885416666666666,0.019791666666666666
0.029166666666666667,0.04
0.005357142857142858,0.005357142857142857
0.11194444444444444,0.06527777777777778
0.0175,0.034999999999999996
0.009375000000000001,0.0
0.1140625,0.040625
0.06904761904761905,0.0071428571428571435
0.011842105263157897,0.017763157894736842
0.028333333333333332,0.02333333333333333
0.03942307692307693,0.05096153846153846
0.025892857142857145,0.030357142857142857
0.0,0.002272727272727273
0.03656250000000001,0.013750000000000004
0.044444444444444446,0.019444444444444445
0.05803571428571429,0.03333333333333333
0.023011363636363635,0.029829545454545456
0.04547101449275363,0.0782608695652174
0.00576923076923077,0.02115384615384615
0.0462962962962963,0.044444444444444446
0.043750000000000004,0.005113636363636364
0.08541666666666668,0.02395833333333333
0.07916666666666666,0.0
0.0626984126984127,0.05307539682539683
0.03,0.052500000000000005
0.04374999999999999,0.022123015873015878
0.03416666666666667,0.022916666666666665
0.03701923076923077,0.014903846153846153
0.049479166666666664,0.0203125
0.03541666666666667,0.0020833333333333333
0.07109375,0.10078124999999999
0.04886363636363637,0.03446969696969697
0.005,0.0625
0.025,0.05
0.014583333333333334,0.005208333333333333
0.23125,0.015625
0.0536764705882353,0.013970588235294117
0.04083333333333333,0.11166666666666666
0.030357142857142857,0.017857142857142856
0.056249999999999994,0.0703125
0.0125,0.03125
0.03125,0.0203125
0.025000000000000005,0.04583333333333334
0.068359375,0.08515625000000002
0.008333333333333333,0.008854166666666668
0.028409090909090908,0.08333333333333334
0.019444444444444445,0.005555555555555556
0.07243589743589743,0.02772435897435898
0.02,0.026250000000000002
0.04375,0.08906250000000002
0.03181818181818182,0.01363636363636364
0.0125,0.059375
0.09333333333333334,0.028333333333333335
0.04358974358974359,0.015384615384615385
0.05345528455284553,0.013414634146341465
0.06979166666666667,0.09340277777777778
0.013333333333333334,0.006666666666666667
0.015625,0.06874999999999999
0.06682692307692308,0.014423076923076924
0.02769308943089431,0.052896341463414626
0.01875,0.040625
0.027083333333333334,0.007083333333333334
0.012222222222222223,0.02972222222222222
0.026666666666666665,0.009166666666666667
0.030468750000000003,0.10507812500000001
0.05109649122807018,0.012280701754385965
0.043333333333333335,0.005833333333333333
0.03653846153846155,0.032692307692307694
0.07222222222222223,0.006944444444444444
0.05875000000000001,0.008749999999999999
0.028750000000000005,0.03
0.042943548387096776,0.04919354838709677
0.014583333333333334,0.008333333333333333
0.06515151515151515,0.07840909090909091
0.034375,0.04687500000000001
0.03125,0.06875
0.008823529411764706,0.026470588235294117
0.0125,0.01875
0.00390625,0.0125
0.07222222222222224,0.008333333333333333
0.09940476190476191,0.03125
0.10976562499999999,0.008984375
0.045,0.027500000000000004
0.025,0.103125
0.03869047619047619,0.04642857142857143
0.04625,0.0265625
0.06770833333333334,0.03125
0.008333333333333335,0.027777777777777776
0.026388888888888892,0.037500000000000006
0.024147727272727272,0.043750000000000004
0.0375,0.022767857142857142
0.022569444444444448,0.014930555555555558
0.00576923076923077,0.009615384615384616
0.03416666666666667,0.0475
0.07250000000000001,0.045
0.017057291666666665,0.03072916666666667
0.003125,0.0171875
0.028125,0.017499999999999998
0.051562500000000004,0.0625
0.029166666666666667,0.0225
0.041875,0.0371875
0.04114583333333333,0.03229166666666666
0.008333333333333335,0.02546296296296296
0.017045454545454544,0.014204545454545454
0.06041666666666666,0.028472222222222225
0.02817460317460318,0.06785714285714287
0.012499999999999999,0.048214285714285716
0.0625,0.0421875
0.06274038461538461,0.03309294871794872
0.026782852564102563,0.015544871794871793
0.10277777777777779,0.011111111111111112
0.03802083333333334,0.03177083333333333
0.00625,0.03958333333333333
0.019999999999999997,0.0675
0.05416666666666667,0.009722222222222222
0.05,0.00576923076923077
0.04807692307692308,0.025
0.02291666666666667,0.02291666666666667
0.03431372549019608,0.03774509803921569
0.03875,0.017499999999999998
0.02958333333333334,0.03500000000000001
0.03409090909090909,0.023863636363636365
0.03990384615384616,0.0389423076923077
0.02,0.022500000000000003
0.015625,0.0453125
0.049375,0.026250000000000002
0.025,0.06682692307692308
0.0892857142857143,0.028571428571428574
0.04861111111111111,0.007407407407407407
0.009523809523809523,0.010714285714285714
0.020833333333333332,0.05333333333333334
0.021666666666666667,0.08583333333333334
0.010714285714285714,0.06428571428571428
0.03076923076923077,0.12980769230769232
0.008695652173913044,0.029347826086956522
0.07361111111111111,0.051388888888888894
0.002777777777777778,0.027777777777777776
0.05625,0.034895833333333334
0.05992647058823528,0.03216911764705882
0.07291666666666667,0.004166666666666667
0.0296875,0.07421875000000001
0.04296875,0.08085937500000001
0.04166666666666667,0.02708333333333333
0.05,0.020499999999999997
0.03317307692307692,0.008653846153846154
0.05864583333333333,0.013750000000000002
0.05555555555555555,0.030555555555555558
0.02013888888888889,0.03229166666666667
0.02236842105263158,0.017763157894736842
0.06477272727272727,0.04848484848484849
0.09038461538461537,0.09134615384615384
0.025943396226415096,0.018396226415094336
0.023958333333333335,0.021701388888888885
0.0075,0.04708333333333333
0.0125,0.035
0.05056818181818182,0.04147727272727273
0.0175,0.025
0.007000000000000001,0.003
0.06346153846153846,0.021153846153846155
0.037820512820512825,0.04903846153846154
0.015384615384615384,0.0
0.023697916666666662,0.012760416666666668
0.030681818181818185,0.009090909090909092
0.05808823529411765,0.02205882352941177
0.04583333333333333,0.03229166666666667
0.0325,0.026250000000000002
0.019345238095238092,0.025000000000000005
0.06722222222222222,0.023333333333333334
0.04230769230769231,0.02403846153846154
0.0696078431372549,0.07573529411764707
0.07435897435897437,0.02820512820512821
0.014583333333333334,0.018055555555555557
0.015,0.0
0.03833333333333334,0.03833333333333333
0.10390625,0.13515625
0.008333333333333333,0.011458333333333334
0.025083333333333332,0.037000000000000005
0.032974137931034486,0.014224137931034483
0.10119047619047619,0.03392857142857143
0.01583333333333333,0.021666666666666664
0.02619047619047619,0.06726190476190477
0.09191176470588236,0.016176470588235296
0.09567307692307692,0.07932692307692307
0.055303030303030305,0.010227272727272727
0.17740384615384613,0.04278846153846153
0.030468749999999996,0.045312500000000006
0.03648255813953488,0.02906976744186047
0.027343750000000003,0.0203125
0.04444444444444445,0.01597222222222222
0.12374545454545455,0.07625454545454545
0.03573113207547168,0.021698113207547172
0.030303030303030307,0.07386363636363637
0.059375,0.015625
0.003125,0.0
0.04345238095238096,0.014732142857142859
0.05,0.028125000000000004
0.06249999999999999,0.01916666666666667
0.05,0.02125
0.03354166666666667,0.030625000000000003
0.022569444444444444,0.04652777777777778
0.027370689655172416,0.011206896551724136
0.0641025641025641,0.09198717948717948
0.014285714285714287,0.03214285714285715
0.03571428571428572,0.015476190476190473
0.09250000000000001,0.04
0.003125,0.00625
0.08676470588235295,0.022058823529411763
0.01875,0.01875
0.002777777777777778,0.0
0.025,0.004545454545454546
0.060096153846153855,0.041826923076923074
0.09027777777777778,0.051388888888888894
0.054166666666666675,0.06208333333333333
0.019047619047619053,0.04404761904761906
0.03125,0.0234375
0.07727272727272728,0.06363636363636364
0.07964743589743589,0.019230769230769232
0.03375000000000001,0.016249999999999997
0.05961538461538461,0.10240384615384614
0.195,0.134375
0.05255681818181817,0.01221590909090909
0.025892857142857145,0.008928571428571428
0.06215277777777777,0.04363425925925926
0.016666666666666666,0.006250000000000001
0.014285714285714287,0.02142857142857143
0.0353448275862069,0.04885057471264368
0.05833333333333334,0.04239130434782608
0.03425925925925925,0.017314814814814818
0.016840277777777777,0.028124999999999997
0.02403846153846154,0.03685897435897436
0.057175925925925915,0.02175925925925926
0.012760416666666668,0.009375
0.05,0.019444444444444445
0.0140625,0.045312500000000006
0.035625000000000004,0.04062500000000001
0.06399999999999999,0.046
0.01,0.017916666666666668
0.0140625,0.034375
0.015625,0.0
0.04107142857142857,0.03839285714285715
0.06250000000000001,0.02416666666666667
0.04435483870967743,0.0689516129032258
0.05705128205128206,0.052884615384615384
0.03674242424242424,0.04015151515151515
0.032421875,0.0421875
0.053125,0.046875
0.04006944444444445,0.00625
0.011458333333333334,0.008333333333333333
0.1,0.0265625
0.035625000000000004,0.008125
0.03076923076923077,0.01346153846153846
0.0,0.013636363636363636
0.04017857142857142,0.05446428571428571
0.049062499999999995,0.042499999999999996
0.016964285714285716,0.03660714285714285
0.030000000000000002,0.0525
0.01764705882352941,0.01213235294117647
0.025455729166666673,0.011067708333333332
0.015,0.0075
0.02573529411764706,0.02132352941176471
0.0375,0.021875
0.03291666666666667,0.02451388888888889
0.03071428571428572,0.005714285714285714
0.028846153846153848,0.016346153846153847
0.04903846153846154,0.055288461538461536
0.02791666666666667,0.024444444444444446
0.05672348484848484,0.03323863636363636
0.07960526315789475,0.03421052631578948
0.06931818181818182,0.06704545454545455
0.04404761904761905,0.010714285714285716
0.109375,0.09375
0.034375,0.0328125
0.05833333333333334,0.041666666666666664
0.014583333333333332,0.03385416666666667
0.08333333333333334,0.12954545454545452
0.019999999999999997,0.0025
0.025806451612903226,0.01653225806451613
0.03409090909090909,0.026136363636363635
0.02666666666666667,0.025833333333333333
0.02333333333333333,0.04666666666666667
0.019444444444444445,0.013888888888888888
0.073125,0.1597916666666667
0.054326923076923064,0.022115384615384613
0.03205645161290323,0.04509408602150538
0.032660256410256404,0.02971153846153846
0.03072916666666667,0.015234375
0.05378787878787879,0.002272727272727273
0.030000000000000006,0.026250000000000002
0.125,0.04
0.032678294573643414,0.01984108527131783
0.06538461538461539,0.01153846153846154
0.029940476190476194,0.01017857142857143
0.05500000000000001,0.0125
0.002777777777777778,0.004629629629629629
0.08076923076923077,0.10032051282051281
0.042868589743589744,0.03942307692307692
0.07125000000000001,0.03
0.028693181818181823,0.06420454545454546
0.01087962962962963,0.046296296296296294
0.041006097560975605,0.019004065040650407
0.07166666666666668,0.010277777777777778
0.04732142857142857,0.03169642857142858
0.031203703703703706,0.026388888888888892
0.075,0.03125
0.03263888888888889,0.023842592592592596
0.1138888888888889,0.03333333333333333
0.06607142857142857,0.008035714285714287
0.07534722222222222,0.04704861111111111
0.035254329004329,0.02324134199134199
0.015625,0.01919642857142857
0.031048387096774197,0.03125
0.005555555555555556,0.002777777777777778
0.02,0.011875
0.0675,0.0
0.00625,0.003125
0.011458333333333334,0.0020833333333333333
0.01171875,0.0390625
0.037500000000000006,0.0225
0.05500000000000001,0.015000000000000003
0.06458333333333334,0.031249999999999997
0.03174603174603175,0.04920634920634921
0.09320175438596491,0.043640350877192986
0.04375,0.0375
0.021875,0.0234375
0.07152777777777779,0.019444444444444445
0.008333333333333335,0.011111111111111112
0.026562500000000003,0.0703125
0.10078125,0.01328125
0.045454545454545456,0.022727272727272728
0.015625,0.009375000000000001
0.04416666666666667,0.049166666666666664
0.022222222222222223,0.0375
0.02,0.020000000000000004
0.030555555555555558,0.03125
0.0020833333333333333,0.007291666666666666
0.034166666666666665,0.03208333333333333
0.062499999999999986,0.0430921052631579
0.022727272727272724,0.02727272727272727
0.022988505747126436,0.036637931034482756
0.05375,0.052500000000000005
0.050937500000000004,0.043750000000000004
0.06153846153846154,0.061057692307692306
0.0572463768115942,0.03641304347826087
0.02948717948717949,0.032692307692307694
0.08104166666666666,0.034791666666666665
0.04000000000000001,0.005
0.026388888888888892,0.034722222222222224
0.01,0.0044444444444444444
0.004166666666666667,0.010416666666666666
0.08522727272727272,0.019318181818181818
0.027430555555555555,0.02939814814814815
0.015909090909090907,0.035227272727272725
0.05555555555555555,0.008333333333333335
0.0390625,0.084375
0.08203125000000001,0.01953125
0.02,0.006666666666666667
0.017857142857142856,0.024107142857142858
0.05362,0.05888
0.015,0.03125
0.03076923076923077,0.014423076923076924
0.04264705882352941,0.024264705882352938
0.03819444444444445,0.05069444444444445
0.00625,0.0
0.04,0.052500000000000005
0.059375,0.00625
0.04090909090909091,0.05227272727272727
0.0019230769230769232,0.008653846153846153
0.024999999999999998,0.0078125
0.013888888888888888,0.041666666666666664
0.02916666666666667,0.06458333333333334
0.04166666666666667,0.023214285714285715
0.09375,0.003125
0.027173913043478267,0.017934782608695653
0.045,0.005
0.009999999999999998,0.01
0.056249999999999994,0.01488095238095238
0.08214285714285714,0.08363095238095239
0.03928571428571429,0.04672619047619048
0.06833333333333333,0.1025
0.07307692307692308,0.0038461538461538464
0.07291666666666667,0.06597222222222222
0.07211538461538461,0.06442307692307693
0.014374999999999999,0.07625000000000001
0.036111111111111115,0.011111111111111112
0.03333333333333333,0.015865384615384618
0.04722222222222222,0.014583333333333334
0.013888888888888888,0.002777777777777778
0.04722222222222222,0.05277777777777778
0.059375000000000004,0.0
0.005,0.02375
0.0890625,0.027777777777777776
0.05681818181818183,0.06931818181818182
0.040740740740740744,0.03703703703703705
0.040865384615384616,0.044230769230769226
0.019374999999999996,0.025
0.06780303030303031,0.036931818181818184
0.025,0.013671875
0.06397058823529411,0.0375
0.024999999999999998,0.022619047619047622
0.034027777777777775,0.057638888888888885
0.01730769230769231,0.0038461538461538464
0.01590909090909091,0.056818181818181816
0.013541666666666667,0.011458333333333334
0.036111111111111115,0.019444444444444445
0.01574074074074074,0.07500000000000001
0.025,0.01125
0.052083333333333336,0.05416666666666667
0.01838235294117647,0.01985294117647059
0.017187499999999998,0.0
0.031818181818181815,0.025
0.010416666666666666,0.011458333333333334
0.016666666666666666,0.013541666666666667
0.11145833333333333,0.07500000000000001
0.005,0.034999999999999996
0.084375,0.0
0.018382352941176475,0.0650735294117647
0.021180555555555557,0.042708333333333334
0.02045454545454545,0.045454545454545456
0.05657051282051283,0.009615384615384616
0.03984375,0.07890625
0.15390625,0.08359375
0.05,0.04861111111111111
0.004545454545454546,0.009090909090909092
0.015625,0.0484375
0.025,0.02142857142857143
0.0109375,0.0703125
0.04270833333333334,0.0265625
0.004545454545454546,0.07613636363636364
0.025,0.010294117647058823
0.04635416666666667,0.06510416666666667
0.03214285714285714,0.010714285714285714
0.0642857142857143,0.010714285714285716
0.035416666666666666,0.08541666666666665
0.026682692307692307,0.04038461538461539
0.029464285714285717,0.01875
0.05909090909090909,0.029545454545454552
0.011764705882352941,0.04191176470588236
0.0350177304964539,0.04122340425531914
0.04943181818181818,0.10454545454545454
0.07750000000000001,0.01125
0.146875,0.009375000000000001
0.03214285714285715,0.047619047619047616
0.031966145833333334,0.0283203125
0.00625,0.01875
0.05588235294117647,0.021323529411764706
0.0709375,0.050937500000000004
0.05486111111111111,0.03958333333333334
0.022812500000000003,0.04687499999999999
0.035,0.011666666666666665
0.032499999999999994,0.016249999999999997
0.016666666666666666,0.0125
0.06388888888888888,0.016666666666666666
0.022222222222222223,0.08055555555555556
0.05357142857142857,0.012499999999999999
0.04565972222222223,0.045138888888888895
0.010416666666666666,0.0763888888888889
0.036309523809523805,0.01517857142857143
0.013888888888888888,0.041666666666666664
0.0125,0.0075000000000000015
0.015277777777777776,0.05
0.023076923076923075,0.025961538461538463
0.012499999999999999,0.051923076923076926
0.059166666666666666,0.02333333333333333
0.061363636363636356,0.02215909090909091
0.03605769230769231,0.043750000000000004
0.07749814814814815,0.07527962962962961
0.011363636363636364,0.07784090909090909
0.014583333333333332,0.0
0.03928571428571429,0.029861111111111116
0.02564102564102564,0.015384615384615384
0.04843750000000001,0.05859375
0.003125,0.003125
0.0409090909090909,0.12613636363636366
0.03333333333333333,0.033630952380952386
0.02138157894736842,0.03717105263157895
0.044285714285714296,0.01892857142857143
0.041666666666666664,0.01875
0.06029411764705882,0.01323529411764706
0.042279411764705885,0.015441176470588232
0.04708333333333333,0.041111111111111105
0.09142156862745099,0.075
0.0125,0.0075
0.046875,0.0109375
0.022727272727272728,0.00681818181818182
0.06875,0.04375
0.04791666666666668,0.06375
0.02166666666666667,0.01
0.02857142857142857,0.047619047619047616
0.04711538461538462,0.020192307692307693
0.04924242424242424,0.06704545454545455
0.01408730158730159,0.019841269841269844
0.09062500000000001,0.052083333333333336
0.0325,0.005
0.11124999999999999,0.02
0.012500000000000002,0.004166666666666667
0.05852864583333333,0.026627604166666666
0.04722222222222222,0.03333333333333333
0.08385416666666667,0.04322916666666666
0.05451388888888889,0.03229166666666667
0.05,0.007142857142857143
0.05461956521739129,0.01684782608695652
0.08632812499999999,0.061328125000000004
0.053125,0.00625
0.055681818181818186,0.05113636363636364
0.024999999999999998,0.028645833333333332
0.026923076923076925,0.018269230769230767
0.026923076923076925,0.013942307692307691
0.0578125,0.0171875
0.08194444444444444,0.05972222222222223
0.026875,0.03364583333333333
0.0925,0.00625
0.011111111111111112,0.043055555555555555
0.058653846153846154,0.055288461538461536
0.0125,0.0015625
0.029233870967741944,0.03245967741935484
0.01221590909090909,0.0690340909090909
0.03684210526315789,0.044736842105263165
0.07630208333333334,0.07838541666666667
0.03181818181818182,0.07272727272727274
0.057858187134502914,0.04108187134502923
0.029761904761904767,0.044642857142857144
0.11794871794871796,0.06570512820512821
0.017,0.020499999999999997
0.10062499999999999,0.013125000000000001
0.07777777777777778,0.016666666666666666
0.053448275862068975,0.02097701149425287
0.03774038461538462,0.07147435897435897
0.0965686274509804,0.06740196078431372
0.05185185185185185,0.005555555555555556
0.044444444444444446,0.002777777777777778
0.005113636363636364,0.08352272727272728
0.008749999999999999,0.013750000000000002
0.011206896551724136,0.037068965517241384
0.04669540229885058,0.013074712643678162
0.04791666666666667,0.015625
0.065625,0.06458333333333334
0.0642857142857143,0.06517857142857143
0.06874999999999999,0.041666666666666664
0.08541666666666667,0.016406249999999997
0.04391666666666667,0.03225000000000001
0.05083333333333333,0.08791666666666667
0.08409090909090909,0.045454545454545456
0.0038461538461538464,0.00576923076923077
0.030833333333333338,0.08041666666666666
0.06388888888888888,0.019444444444444445
0.04924242424242425,0.020265151515151517
0.024999999999999998,0.028125
0.03703703703703704,0.030555555555555558
0.035096153846153846,0.03894230769230769
0.08411458333333334,0.00390625
0.0675,0.0625
0.008653846153846154,0.026923076923076925
0.04632352941176471,0.011029411764705883
0.027777777777777776,0.07222222222222223
0.014062499999999999,0.040625
0.08125,0.015625
0.010714285714285714,0.0035714285714285718
0.11499999999999998,0.036250000000000004
0.026923076923076925,0.025
0.013888888888888888,0.006944444444444444
0.09812499999999999,0.045000000000000005
0.06319444444444444,0.05104166666666667
0.01388888888888889,0.017013888888888887
0.09513888888888888,0.059027777777777776
0.025,0.00625
0.004545454545454546,0.011363636363636364
0.09728260869565217,0.04782608695652174
0.08697916666666666,0.006076388888888888
0.021428571428571425,0.016964285714285716
0.042708333333333334,0.003125
0.021875,0.0078125
0.006666666666666667,0.05
0.04779411764705882,0.015441176470588236
0.09326923076923076,0.07548076923076923
0.06625,0.015
0.1171875,0.00625
0.03392857142857143,0.008928571428571428
0.08392857142857144,0.005803571428571429
0.015625,0.00625
0.009090909090909092,0.022727272727272728
0.05555555555555555,0.02361111111111111
0.023333333333333334,0.011666666666666665
0.07500000000000001,0.018055555555555557
0.012903225806451613,0.02096774193548387
0.025,0.03125
0.0375,0.0
0.002777777777777778,0.005555555555555556
0.021153846153846155,0.04903846153846154
0.10885416666666667,0.06354166666666666
0.014583333333333332,0.021875000000000002
0.0296875,0.05078125
0.016666666666666666,0.009375
0.02444444444444445,0.06006944444444444
0.02013888888888889,0.035416666666666666
0.008552631578947369,0.022697368421052633
0.004166666666666667,0.02291666666666667
0.005,0.01
0.027500000000000004,0.017499999999999998
0.008333333333333335,0.022222222222222223
0.008653846153846154,0.022756410256410262
0.05252192982456141,0.01875
0.0659090909090909,0.009090909090909092
0.008333333333333335,0.002777777777777778
0.026674107142857145,0.03035714285714286
0.07,0.02
0.0014705882352941176,0.011764705882352941
0.022222222222222223,0.010416666666666666
0.033035714285714286,0.014285714285714287
0.0475,0.10541666666666667
0.0,0.021875
0.027777777777777776,0.07083333333333335
0.038636363636363635,0.045454545454545456
0.01363636363636364,0.011931818181818182
0.030555555555555558,0.023611111111111114
0.04038461538461539,0.055288461538461536
0.02746913580246914,0.0125
0.008333333333333333,0.011666666666666665
0.10555555555555556,0.03518518518518519
0.03,0.0355
0.037500000000000006,0.020833333333333332
0.00625,0.0734375
0.026041666666666664,0.018229166666666664
0.030357142857142857,0.029464285714285717
0.01785714285714286,0.03035714285714286
0.027573529411764705,0.027573529411764698
0.056974637681159415,0.03016304347826087
0.01122448979591837,0.02491496598639456
0.04987244897959184,0.023639455782312923
0.02666666666666667,0.018333333333333333
0.04144736842105263,0.034210526315789476
0.061363636363636356,0.07045454545454545
0.060597826086956526,0.016032608695652175
0.04801136363636363,0.020454545454545458
0.017499999999999998,0.017499999999999998
0.044047619047619044,0.059523809523809534
0.087109375,0.057031250000000006
0.0375,0.028750000000000005
0.07173913043478261,0.04619565217391304
0.01761363636363637,0.016761363636363637
0.010416666666666666,0.035416666666666666
0.09999999999999999,0.024107142857142855
0.01875,0.0
0.04047619047619048,0.022321428571428572
0.03888888888888889,0.023148148148148147
0.009375000000000001,0.0125
0.042499999999999996,0.0675
0.012499999999999999,0.0026041666666666665
0.044230769230769226,0.04615384615384616
0.027374999999999997,0.029249999999999995
0.059234234234234226,0.02314189189189189
0.015476190476190477,0.030952380952380953
0.01111111111111111,0.05416666666666667
0.028086419753086418,0.07222222222222222
0.04666666666666667,0.03375
0.01818181818181818,0.014772727272727272
0.025,0.06838235294117646
0.0,0.0
0.030625000000000003,0.028749999999999998
0.09305555555555556,0.11249999999999999
0.03214285714285715,0.027678571428571434
0.035,0.013750000000000002
0.07500000000000001,0.0125
0.015277777777777779,0.061111111111111116
0.052500000000000005,0.019999999999999997
0.02150537634408602,0.03198924731182796
0.065,0.0075
0.029545454545454545,0.029545454545454552
0.12556818181818183,0.028977272727272727
0.07543402777777777,0.06145833333333334
0.1,0.16477272727272727
0.02291666666666667,0.040860215053763436
0.04346264367816093,0.032758620689655175
0.08081896551724138,0.046192528735632184
0.01363636363636364,0.03295454545454545
0.03419117647058824,0.004779411764705883
0.014743589743589743,0.023076923076923075
0.03333333333333334,0.061111111111111116
0.10681818181818183,0.056818181818181816
0.07857142857142858,0.03883928571428572
0.05875,0.056666666666666664
0.02395833333333333,0.1171875
0.03071428571428572,0.019642857142857146
0.0,0.0859375
0.009375000000000001,0.021875
0.022058823529411766,0.008088235294117648
0.027777777777777776,0.025
0.050980392156862744,0.011029411764705883
0.028125,0.08958333333333335
0.07500000000000001,0.011111111111111112
0.05416666666666666,0.04226190476190476
0.05555555555555555,0.037500000000000006
0.04230769230769231,0.05192307692307693
0.0325,0.0725
0.00576923076923077,0.021153846153846155
0.07600574712643678,0.06954022988505747
0.0,0.057291666666666664
0.0375,0.045
0.056547619047619055,0.01339285714285714
0.005555555555555556,0.04444444444444444
0.04047619047619048,0.015873015873015876
0.050877192982456146,0.012280701754385965
0.03480392156862745,0.033823529411764704
0.040441176470588244,0.05980392156862745
0.08625,0.03583333333333334
0.019471153846153846,0.002804487179487179
0.0265625,0.01484375
0.009375000000000001,0.0125
0.025,0.00625
0.025,0.015
0.043478260869565216,0.0338768115942029
0.056249999999999994,0.0125
0.04,0.045
0.05611111111111112,0.04111111111111111
0.01125,0.058750000000000004
0.015625,0.1359375
0.04024390243902439,0.03434959349593496
0.0325,0.04875
0.042708333333333334,0.03802083333333334
0.03392857142857143,0.045238095238095244
0.008928571428571428,0.026785714285714284
0.010277777777777778,0.005833333333333333
0.02610294117647059,0.04926470588235294
0.024999999999999998,0.0140625
0.006250000000000001,0.0020833333333333333
0.08046875,0.025
0.04901960784313725,0.02647058823529412
0.06875,0.011805555555555555
0.053044871794871794,0.04663461538461538
0.04218750000000001,0.0625
0.020312499999999997,0.0171875
0.024013157894736844,0.03174342105263158
0.0263671875,0.014062499999999999
0.013020833333333334,0.009375
0.027777777777777776,0.009027777777777779
0.015625,0.0328125
0.05384615384615385,0.011538461538461537
0.012499999999999999,0.01517857142857143
0.07083333333333335,0.008333333333333333
0.043750000000000004,0.0484375
0.019444444444444445,0.027314814814814816
0.04192708333333334,0.04713541666666667
0.04635416666666667,0.024479166666666666
0.057371794871794876,0.02355769230769231
0.0462962962962963,0.015277777777777779
0.040865384615384616,0.013942307692307691
0.1125,0.003125
0.02291666666666667,0.01979166666666667
0.0734375,0.159375
0.03406250000000001,0.0303125
0.012121212121212121,0.0
0.05921052631578947,0.025000000000000005
0.0328125,0.06736111111111111
0.03823529411764706,0.005147058823529412
0.03618421052631579,0.03684210526315789
0.0375,0.027430555555555555
0.013235294117647059,0.012499999999999999
0.09999999999999999,0.010294117647058823
0.04875,0.025833333333333337
0.05000000000000001,0.07135416666666668
0.033454761904761904,0.016485714285714288
0.030625000000000003,0.074375
0.06434294871794871,0.04807692307692308
0.0035714285714285718,0.05
0.02934027777777778,0.01649305555555556
0.06778846153846153,0.04919871794871795
0.058173076923076925,0.055288461538461536
0.005555555555555556,0.06666666666666668
0.0715686274509804,0.011764705882352941
0.1638888888888889,0.005555555555555556
0.059782608695652176,0.030434782608695653
0.04125,0.023250000000000003
0.03250000000000001,0.03125
0.034722222222222224,0.003472222222222222
0.0475328947368421,0.03733552631578947
0.025,0.056944444444444436
0.02416666666666667,0.019166666666666665
0.05555555555555555,0.0
0.033125,0.01625
0.05451388888888889,0.01701388888888889
0.03863636363636364,0.018181818181818184
0.025,0.04166666666666667
0.02159090909090909,0.041477272727272724
0.00625,0.0078125
0.109375,0.03125
0.035833333333333335,0.026666666666666672
0.044270833333333336,0.05677083333333333
0.02236842105263158,0.018421052631578946
0.012499999999999999,0.020535714285714286
0.029487179487179497,0.03194444444444444
0.07083333333333333,0.052083333333333336
0.020138888888888887,0.0
0.04722222222222223,0.007738095238095237
0.0665625,0.009062500000000001
0.018421052631578946,0.013486842105263156
0.02,0.036250000000000004
0.033125,0.03826388888888888
0.08680555555555557,0.12743055555555557
0.09500000000000001,0.08527777777777779
0.040625,0.0875
0.05666666666666668,0.0075000000000000015
0.08046874999999999,0.017968750000000002
0.028409090909090915,0.027840909090909093
0.12,0.0
0.026562500000000003,0.062890625
0.03796296296296296,0.005555555555555556
0.010677083333333335,0.022656250000000003
0.03194444444444445,0.01875
0.05454545454545456,0.06022727272727273
0.0475,0.0225
0.08717948717948718,0.06153846153846154
0.01666666666666667,0.01583333333333333
0.028125,0.0875
0.04453125,0.00703125
0.009615384615384616,0.01346153846153846
0.027155172413793106,0.009913793103448277
0.026923076923076925,0.004807692307692308
0.09007352941176472,0.06495098039215685
0.045,0.02375
0.03746980676328501,0.00908816425120773
0.0062499999999999995,0.010416666666666666
0.02,0.006666666666666667
0.078125,0.0
0.025,0.0
0.0175,0.0075000000000000015
0.030555555555555558,0.0
0.013888888888888888,0.0
0.05512820512820513,0.06153846153846154
0.05083333333333333,0.0225
0.03419117647058824,0.03676470588235294
0.044444444444444446,0.027777777777777776
0.04707207207207207,0.02027027027027027
0.043,0.023000000000000003
0.07226307189542482,0.025204248366013073
0.014393939393939396,0.07537878787878789
0.00625,0.0140625
0.014062499999999999,0.0109375
0.07625,0.032499999999999994
0.039197530864197534,0.04490740740740741
0.06948529411764705,0.01838235294117647
0.04147727272727273,0.007386363636363636
0.044444444444444446,0.02803030303030303
0.050694444444444445,0.02013888888888889
0.03839285714285714,0.0035714285714285718
0.04666666666666667,0.0925
0.026388888888888892,0.0625
0.02,0.05625
0.03333333333333333,0.04722222222222223
0.04464285714285715,0.04910714285714286
0.034909909909909914,0.007770270270270272
0.04278846153846154,0.026442307692307692
0.015625,0.014062499999999999
0.03571428571428571,0.06250000000000001
0.0386904761904762,0.051190476190476196
0.060937500000000006,0.01171875
0.06736111111111112,0.021527777777777778
0.07222222222222224,0.013888888888888888
0.03651960784313725,0.041421568627450986
0.02222222222222222,0.03333333333333333
0.007386363636363636,0.0375
0.09140625,0.023046875
0.07058823529411766,0.029411764705882353
0.014204545454545454,0.04090909090909091
0.022727272727272728,0.022727272727272728
0.06538461538461539,0.023076923076923075
0.040540540540540536,0.016216216216216217
0.024999999999999998,0.006944444444444444
0.049358974358974364,0.036538461538461534
0.080625,0.015
0.009375,0.034375
0.0115625,0.07281249999999999
0.0,0.009375000000000001
0.04791666666666667,0.026041666666666668
0.0025,0.00625
0.01796875,0.0078125
0.03125000000000001,0.021875
0.05,0.04743589743589744
0.06363636363636363,0.018181818181818184
0.0225,0.00625
0.02269736842105263,0.014802631578947368
0.07500000000000001,0.0234375
0.028869047619047628,0.015773809523809523
0.04047619047619048,0.004761904761904762
0.05892857142857143,0.021428571428571432
0.0125,0.008035714285714287
0.027499999999999997,0.039999999999999994
0.024999999999999998,0.11250000000000002
0.05924479166666667,0.037109375
0.054166666666666675,0.0025
0.013000000000000001,0.018000000000000002
0.01875,0.0140625
0.029545454545454545,0.014772727272727272
0.027777777777777776,0.008333333333333335
0.0,0.011363636363636364
0.05714285714285715,0.005357142857142858
0.049088541666666666,0.035546875
0.023632812500000003,0.04544270833333334
0.011000000000000001,0.00625
0.041666666666666664,0.005803571428571429
0.026086956521739136,0.03369565217391304
0.030502136752136748,0.05817307692307693
0.008333333333333335,0.006944444444444444
0.041666666666666664,0.05572916666666666
0.05555555555555556,0.019345238095238096
0.017881944444444447,0.005208333333333333
0.036422413793103445,0.024137931034482762
0.03333333333333334,0.04583333333333334
0.09991319444444445,0.047656250000000004
0.0625,0.00625
0.027777777777777776,0.019907407407407412
0.03194444444444445,0.01111111111111111
0.008333333333333335,0.019444444444444445
0.037083333333333336,0.06666666666666667
0.026470588235294117,0.05
0.024166666666666673,0.01
0.056249999999999994,0.047656250000000004
0.09010416666666667,0.06927083333333332
0.019444444444444445,0.0
0.009375,0.08750000000000001
0.0765625,0.0546875
0.0265625,0.0671875
0.07083333333333333,0.08541666666666665
0.0642857142857143,0.008035714285714287
0.022265625,0.034375
0.02045454545454545,0.00681818181818182
0.030000000000000006,0.027500000000000004
0.01730769230769231,0.04519230769230769
0.03333333333333333,0.025
0.0225,0.0225
0.05416666666666667,0.006250000000000001
0.052884615384615384,0.011538461538461537
0.075,0.03235294117647059
0.03900000000000001,0.013000000000000001
0.006562500000000001,0.013750000000000002
0.0744047619047619,0.010714285714285714
0.01791213768115942,0.0296875
0.002777777777777778,0.036111111111111115
0.05333333333333333,0.035833333333333335
0.04513888888888889,0.003472222222222222
0.01171875,0.08203125
0.04242424242424241,0.010606060606060605
0.02727272727272727,0.08068181818181817
0.03369565217391304,0.011956521739130435
0.05613333333333334,0.02633793103448276
0.05347222222222223,0.04722222222222223
0.04935897435897436,0.02307692307692308
0.11145833333333334,0.0
0.04230769230769231,0.038461538461538464
0.0640625,0.06484375
0.07884615384615384,0.009615384615384616
0.03333333333333333,0.00625
0.0501984126984127,0.0380952380952381
0.05848577235772358,0.011737804878048784
0.053125000000000006,0.0234375
0.03787878787878787,0.00681818181818182
0.03888888888888889,0.04027777777777777
0.01953125,0.04192708333333334
0.04486607142857143,0.013392857142857146
0.031818181818181815,0.02045454545454545
0.04523809523809524,0.058333333333333334
0.025,0.003125
0.05909090909090909,0.02159090909090909
0.07115384615384615,0.027403846153846154
0.016250000000000004,0.0125
0.017499999999999998,0.07500000000000001
0.040625,0.009375000000000001
0.048809523809523817,0.01904761904761905
0.010714285714285714,0.013392857142857142
0.015625,0.00625
0.022222222222222223,0.0
0.005681818181818182,0.04318181818181818
0.0875,0.045
0.043750000000000004,0.016666666666666666
0.061111111111111116,0.03125
0.01875,0.021875
0.024166666666666666,0.07666666666666666
0.04318181818181818,0.0903409090909091
0.02512626262626263,0.013762626262626263
0.04791666666666666,0.06458333333333334
0.017499999999999998,0.02
0.004545454545454546,0.01818181818181818
0.03958333333333333,0.022569444444444444
0.0803921568627451,0.0014705882352941176
0.0125,0.0171875
0.01,0.011666666666666665
0.03323170731707317,0.039329268292682934
0.024999999999999998,0.015625
0.0425,0.01
0.04807692307692308,0.008653846153846154
0.02115384615384615,0.0019230769230769232
0.030681818181818185,0.0625
0.02375,0.052500000000000005
0.01346153846153846,0.019230769230769232
0.03625,0.058499999999999996
0.0078125,0.0234375
0.05,0.027500000000000004
0.0328125,0.010937500000000001
0.00965909090909091,0.038636363636363635
0.041176470588235294,0.04191176470588236
0.17578125,0.02890625
0.078125,0.018750000000000003
0.056196581196581205,0.034294871794871784
0.06741071428571428,0.04196428571428572
0.057499999999999996,0.028749999999999998
0.07666666666666666,0.021249999999999998
0.07395833333333333,0.01909722222222222
0.04027777777777778,0.011805555555555557
0.11458333333333336,0.03295454545454545
0.125,0.0265625
0.04800000000000001,0.09
0.1328125,0.0859375
0.0875,0.005555555555555556
0.02596153846153846,0.0375
0.05892857142857143,0.09851190476190476
0.020170454545454547,0.011647727272727271
0.004545454545454546,0.01363636363636364
0.03727477477477477,0.02195945945945946
0.04513888888888889,0.0062499999999999995
0.056818181818181816,0.00681818181818182
0.030392156862745094,0.00980392156862745
0.08194444444444444,0.02291666666666667
0.011111111111111112,0.023611111111111114
0.0109375,0.0296875
0.013636363636363636,0.005681818181818182
0.07875,0.01875
0.01840277777777778,0.016666666666666666
0.00681818181818182,0.13068181818181818
0.026041666666666668,0.0275
0.041185897435897435,0.019230769230769232
0.028125,0.04140625
0.07083333333333333,0.025
0.044444444444444446,0.043055555555555555
0.01625,0.020624999999999998
0.02696078431372549,0.03235294117647059
0.048437499999999994,0.04453125
0.13657407407407407,0.051388888888888894
0.039473684210526314,0.013157894736842105
0.03653846153846154,0.03461538461538462
0.05590277777777778,0.03923611111111111
0.04411764705882354,0.015441176470588232
0.031,0.047
0.009375000000000001,0.003125
0.027500000000000004,0.011875
0.022727272727272728,0.018181818181818184
0.03958333333333334,0.04479166666666667
0.04960317460317461,0.04999999999999999
0.015909090909090907,0.01363636363636364
0.11826923076923077,0.052884615384615384
0.055208333333333345,0.021875
0.018181818181818184,0.0625
0.04051724137931035,0.027298850574712645
0.07228260869565215,0.023369565217391305
0.034090909090909095,0.04318181818181818
0.0,0.0234375
0.07500000000000001,0.0
0.019230769230769232,0.009615384615384616
0.015625,0.009375000000000001
0.06328125,0.0109375
0.07708333333333332,0.015625
0.05677083333333333,0.015104166666666667
0.055952380952380955,0.04642857142857144
0.04558823529411765,0.07279411764705883
0.012500000000000002,0.0
0.06666666666666668,0.02135416666666667
0.0125,0.0
0.03977272727272727,0.10227272727272728
0.034848484848484844,0.026515151515151516
0.011538461538461537,0.038461538461538464
0.07777777777777778,0.006944444444444444
0.05789473684210527,0.01578947368421053
0.002272727272727273,0.00681818181818182
0.08725,0.062
0.032051282051282055,0.06955128205128205
0.01153846153846154,0.01346153846153846
0.0361111111111111,0.02537878787878788
0.05625000000000001,0.12569444444444444
0.07833333333333335,0.12583333333333335
0.071875,0.05
0.04541666666666666,0.08395833333333334
0.07599637681159421,0.025271739130434786
0.06274509803921569,0.06887254901960783
0.014705882352941176,0.05772058823529412
0.03467741935483871,0.021774193548387097
0.008541666666666666,0.0016666666666666668
0.04891304347826086,0.05597826086956522
0.030681818181818185,0.041856060606060605
0.040310077519379824,0.017877906976744188
0.03494047619047619,0.02017857142857143
0.023076923076923075,0.02403846153846154
0.02115384615384615,0.019230769230769232
0.04696190476190476,0.03577619047619047
0.053750000000000006,0.01
0.04175000000000001,0.011416666666666665
0.07045454545454546,0.057386363636363645
0.045486111111111116,0.028645833333333332
0.05217391304347827,0.027717391304347826
0.03823529411764706,0.013235294117647059
0.07329545454545454,0.02556818181818182
0.036274509803921565,0.009558823529411764
0.018518518518518517,0.025
0.006818181818181818,0.0
0.014444444444444446,0.013333333333333334
0.014743589743589745,0.03012820512820513
0.04145833333333333,0.01125
0.1015625,0.0453125
0.045703125000000004,0.067578125
0.04352678571428571,0.06651785714285714
0.06029411764705883,0.04779411764705882
0.04700757575757575,0.004318181818181818
0.011363636363636364,0.006818181818181818
0.035576923076923075,0.008653846153846154
0.13796296296296298,0.027777777777777776
0.053999999999999986,0.026750000000000003
0.03465909090909091,0.019886363636363636
0.019444444444444445,0.013888888888888888
0.018055555555555557,0.027777777777777776
0.03154761904761905,0.08690476190476192
0.0525,0.034166666666666665
0.025,0.016
0.041176470588235294,0.028676470588235296
0.0825,0.03375
0.010869565217391304,0.024094202898550725
0.04901960784313726,0.01911764705882353
0.0,0.0140625
0.04615384615384616,0.028846153846153848
0.07110042735042733,0.02451923076923077
0.03229166666666666,0.0
0.053125,0.021875
0.021052631578947368,0.030263157894736846
0.020588235294117647,0.051470588235294115
0.04875,0.0125
0.028685897435897438,0.06762820512820512
0.021153846153846155,0.028846153846153848
0.00625,0.021354166666666664
0.035312500000000004,0.0037500000000000007
0.03141025641025641,0.00673076923076923
0.029545454545454545,0.08295454545454545
0.036111111111111115,0.020138888888888887
0.0125,0.03125
0.09364583333333334,0.0203125
0.00576923076923077,0.009615384615384616
0.05454545454545456,0.07613636363636364
0.0890625,0.0234375
0.07500000000000001,0.10555555555555556
0.0380952380952381,0.04404761904761905
0.019791666666666666,0.0
0.003125,0.0
0.0375,0.042499999999999996
0.010416666666666666,0.0078125
0.026171875,0.017578125
0.030208333333333334,0.10833333333333332
0.017261904761904763,0.02291666666666667
0.020312500000000004,0.00859375
0.05555555555555555,0.003472222222222222
0.038461538461538464,0.00673076923076923
0.03701923076923076,0.024519230769230772
0.05486111111111111,0.02986111111111111
0.06796875,0.0265625
0.04546130952380952,0.020758928571428574
0.04166666666666667,0.0025
0.00625,0.003125
0.013020833333333332,0.0078125
0.0675,0.0
0.01875,0.043750000000000004
0.05096153846153847,0.07692307692307693
0.08449074074074074,0.02824074074074074
0.044230769230769226,0.0019230769230769232
0.04513888888888889,0.05763888888888889
0.11388888888888887,0.125
0.046306818181818185,0.06534090909090909
0.0796875,0.0421875
0.011666666666666667,0.04
0.0017857142857142859,0.002232142857142857
0.041666666666666664,0.013095238095238096
0.026315789473684216,0.01513157894736842
0.0546875,0.0421875
0.017361111111111112,0.008333333333333335
0.038461538461538464,0.01730769230769231
0.040172955974842765,0.033726415094339615
0.08814102564102563,0.04326923076923077
0.0644736842105263,0.029605263157894735
0.014583333333333334,0.03263888888888889
0.041346153846153845,0.03076923076923077
0.03,0.03625
0.02125,0.017499999999999998
0.07500000000000001,0.021022727272727273
0.003125,0.003125
0.05277777777777778,0.07222222222222223
0.005555555555555556,0.010185185185185186
0.07314814814814814,0.04780092592592593
0.0,0.05178571428571428
0.019097222222222224,0.028472222222222218
0.0625,0.0140625
0.0703125,0.01484375
0.014912280701754385,0.0013157894736842105
0.037500000000000006,0.0234375
0.03461538461538462,0.05
0.017788461538461538,0.007692307692307693
0.012878787878787878,0.015909090909090907
0.006547619047619048,0.01011904761904762
0.009375,0.0
0.0875,0.08076923076923077
0.00681818181818182,0.06818181818181819
0.03035714285714286,0.021428571428571432
0.063125,0.043437500000000004
0.022916666666666665,0.03333333333333333
0.059027777777777776,0.013194444444444444
0.043359375000000006,0.018750000000000003
0.0484375,0.0234375
0.04166666666666667,0.025
0.01,0.017499999999999998
0.03125000000000001,0.08125
0.04687500000000001,0.015625
0.022727272727272728,0.023863636363636365
0.06346153846153847,0.019230769230769232
0.012499999999999999,0.016666666666666666
0.02,0.0475
0.03725490196078432,0.016176470588235296
0.04551282051282051,0.010576923076923078
0.049305555555555554,0.02326388888888889
0.03344298245614035,0.05460526315789474
0.06009615384615385,0.039797008547008544
0.03974358974358975,0.029807692307692306
0.052380952380952375,0.030952380952380953
0.026666666666666665,0.024791666666666663
0.08229166666666665,0.06264880952380952
0.025,0.0675
0.019298245614035085,0.0029605263157894738
0.0058823529411764705,0.016176470588235296
0.010294117647058823,0.07941176470588235
0.05,0.10462962962962963
0.0038461538461538464,0.05961538461538462
0.01346153846153846,0.06346153846153847
0.011111111111111112,0.015277777777777779
0.06964285714285715,0.017857142857142856
0.016666666666666666,0.009027777777777779
0.060000000000000005,0.06125
0.021028645833333335,0.0064453125
0.031818181818181815,0.05340909090909091
0.027173913043478267,0.044202898550724644
0.0375,0.00625
0.02589285714285714,0.0062499999999999995
0.01666666666666667,0.039285714285714285
0.03245192307692308,0.058653846153846154
0.03263888888888889,0.013020833333333334
0.09375,0.060937500000000006
0.011458333333333334,0.06770833333333333
0.0125,0.018750000000000003
0.02638888888888889,0.048379629629629634
0.0638888888888889,0.04722222222222223
0.07500000000000001,0.015384615384615384
0.09296875000000002,0.003125
0.02727272727272728,0.048295454545454544
0.041666666666666664,0.008333333333333333
0.025,0.027500000000000004
0.00625,0.046875
0.07250000000000001,0.015
0.05131578947368422,0.043421052631578944
0.024583333333333336,0.024375
0.061538461538461535,0.015384615384615384
0.05535714285714286,0.014285714285714287
0.05367647058823529,0.027205882352941177
0.05104166666666666,0.004166666666666667
0.06022727272727273,0.007954545454545454
0.01875,0.0390625
0.01875,0.003125
0.017857142857142856,0.023214285714285715
0.005000000000000001,0.025
0.012152777777777776,0.020833333333333332
0.09230769230769229,0.020192307692307693
0.02142857142857143,0.018303571428571426
0.022916666666666665,0.028240740740740747
0.010416666666666666,0.024999999999999998
0.010416666666666666,0.017708333333333336
0.034375,0.043750000000000004
0.03206521739130436,0.061413043478260876
0.011666666666666665,0.026666666666666665
0.05208333333333333,0.012083333333333333
0.002777777777777778,0.0
0.10511363636363637,0.06477272727272727
0.03811274509803922,0.0029411764705882353
0.06785714285714287,0.011904761904761904
0.08392857142857144,0.03482142857142857
0.04351851851851852,0.03819444444444445
0.08076923076923077,0.0038461538461538464
0.011666666666666665,0.0175
0.029166666666666667,0.020138888888888887
0.042499999999999996,0.06375
0.068125,0.0375
0.09479166666666665,0.04710648148148147
0.04505208333333333,0.013541666666666667
0.03680555555555556,0.028472222222222225
0.036309523809523826,0.03169642857142857
0.01630434782608696,0.015217391304347825
0.0391304347826087,0.04891304347826087
0.12656250000000002,0.031249999999999997
0.025,0.00859375
0.04,0.05500000000000001
0.049456521739130434,0.023369565217391308
0.04807692307692308,0.011538461538461537
0.021875,0.025
0.084375,0.025
0.030040322580645158,0.02116935483870968
0.06875,0.02578125
0.022222222222222223,0.013888888888888888
0.05974999999999999,0.051666666666666666
0.034090909090909095,0.06647727272727273
0.0071428571428571435,0.0035714285714285718
0.05113636363636364,0.014772727272727272
0.026562500000000003,0.1015625
0.13072916666666667,0.09739583333333333
0.0234375,0.018750000000000003
0.03666666666666667,0.028333333333333335
0.00625,0.033125
0.004166666666666667,0.0020833333333333333
0.052604166666666674,0.07395833333333333
0.036111111111111115,0.06157407407407408
0.11815476190476192,0.02142857142857143
0.026923076923076925,0.007692307692307693
0.06420454545454546,0.041477272727272724
0.05625000000000001,0.090625
0.029761904761904767,0.05625000000000001
0.06153846153846155,0.026442307692307692
0.03298611111111111,0.012499999999999999
0.033333333333333326,0.02518518518518519
0.09749999999999999,0.05416666666666667
0.0109375,0.0234375
0.05689655172413793,0.025431034482758623
0.01111111111111111,0.03680555555555556
