0.025	0.0
0	0
0.037500000000000006	0.0125
0.041666666666666664	0.024999999999999998
0.0	0.0
0.016666666666666666	0.012500000000000002
0	0
0.08333333333333333	0.03333333333333333
0.25	0.125
0.05	0.025
0.016666666666666666	0.0
0.05	0.025
0.05	0.0375
0.0	0.0
0.05	0.0
0.0	0.0
0	0
0	0
0.05	0.025
0.05	0.025
0.02916666666666667	0.0
0.0	0.0
0.016666666666666666	0.008333333333333333
0.0	0.0
0.15	0.0
0.07500000000000001	0.0125
0.021875	0.0125
0.028571428571428574	0.010714285714285716
0.025000000000000005	0.008333333333333333
0.05500000000000001	0.0325
0.1	0.0125
0	0
0.025	0.0
0.025	0.0
0	0
0.05833333333333333	0.024999999999999998
0.0	0.0
0.0	0.0
0.03333333333333333	0.008333333333333333
0.0125	0.0
0.15	0.0
0.01	0.02
0.01	0.005
0.0035714285714285718	0.0035714285714285718
0.03125	0.025
0.05	0.025
0.25	0.125
0	0
0.03333333333333333	0.03333333333333333
0.0	0.15
0	0
0	0
0.075	0.0
0.0	0.025
0.02	0.08
0.049999999999999996	0.017857142857142856
0.025	0.075
0	0
0.0	0.0
0.05	0.025
0.0	0.05
0.0	0.0
0.125	0.016666666666666666
0.05	0.00625
0.1875	0.05
0.05	0.0
0.0	0.0
0.05	0.025
0.09910714285714287	0.0071428571428571435
0.06999999999999999	0.01
0.017857142857142856	0.010714285714285714
0.05000000000000001	0.016666666666666666
0.037500000000000006	0.05625
0.0	0.0
0.0625	0.025
0.0	0.0
0.045	0.05
0.07500000000000001	0.0125
0.0125	0.0
0	0
0.05	0.025
0.025	0.0125
0.025	0.0
0.05	0.0
0.025	0.0
0.05	0.025
0.0	0.0625
0.016666666666666666	0.024999999999999998
0	0
0.025	0.0125
0.05	0.025
0.075	0.1
0.0	0.0
0.0	0.0
0	0
0.06874999999999999	0.0375
0.024999999999999998	0.014285714285714287
0.057692307692307696	0.03076923076923077
0.07083333333333333	0.0
0.13999999999999999	0.005
0	0
0.025	0.0125
0.00625	0.0
0	0
0.05714285714285715	0.043750000000000004
0.025	0.0
0	0
0.0	0.0
0.05	0.025
0	0
0.0	0.0
0	0
0	0
0.0	0.075
0.0375	0.0
0.049999999999999996	0.016666666666666666
0.04375	0.28125
0.05	0.05
0.016666666666666666	0.008333333333333333
0	0
0.05555555555555555	0.13611111111111113
0	0
0.0	0.0
0.05	0.025
0.0	0.0
0.0	0.0
0	0
0.07083333333333333	0.0
0	0
0.0125	0.0
0.0	0.0
0.0	0.0
0.016666666666666666	0.0
0.0	0.0
0.0	0.0
0.0125	0.0
0.028571428571428574	0.0
0.025	0.0125
0.0875	0.0
0.0	0.0
0.0	0.0
0.025	0.0
0.1	0.05
0.0	0.0
0.05000000000000001	0.016666666666666666
0	0
0.0	0.0
0.0	0.0
0.10000000000000002	0.03333333333333333
0.05	0.025
0.05	0.025
0	0
0	0
0.041666666666666664	0.008333333333333333
0.0	0.0
0.05	0.025
0.056818181818181816	0.020454545454545454
0.09687500000000002	0.00625
0	0
0.041666666666666664	0.008333333333333333
0.041666666666666664	0.008333333333333333
0.025000000000000005	0.016666666666666666
0.125	0.008333333333333333
0.025	0.0125
0.0	0.0
0.041666666666666664	0.0
0.0	0.08333333333333333
0.045	0.015000000000000003
0.0	0.0
0.04583333333333334	0.08333333333333333
0	0
0.00625	0.0
0.0375	0.025
0.325	0.0
0.034999999999999996	0.0
0.01	0.005
0.18	0.034999999999999996
0.0	0.0
0.0	0.0
0.07083333333333335	0.14583333333333334
0.025	0.0
0.08333333333333333	0.022222222222222223
0.275	0.0
0.056249999999999994	0.05625
0.0125	0.0
0.0125	0.0
0.0	0.0
0.016666666666666666	0.041666666666666664
0.075	0.0
0.05	0.1
0.06875	0.00625
0.0	0.1
0	0
0	0
0.0	0.35
0.0	0.0
0.03461538461538462	0.015384615384615384
0.041666666666666664	0.0
0	0
0.0	0.0
0	0
0	0
0.05	0.025
0.0	0.0
0.030555555555555558	0.036111111111111115
0.0125	0.0
0.025	0.0125
0.0375	0.004166666666666667
0.0	0.0
0.0	0.0
0.0	0.0
0.0	0.0
0.0	0.0
0.0	0.0
0.0	0.0
0.0	0.0
0.025	0.0625
0.05	0.025
0.05	0.025
0.049999999999999996	0.0375
0.012500000000000002	0.03333333333333333
0.05416666666666666	0.0375
0.0125	0.00625
0.05	0.025
0	0
0.05	0.0
0.008333333333333333	0.008333333333333333
0.025	0.0125
0	0
0.0	0.0
0.15000000000000002	0.045
0.0	0.0
0.041666666666666664	0.0
0.016666666666666666	0.008333333333333333
0.05	0.025
0.037500000000000006	0.0125
0.05	0.025
0.05833333333333333	0.04583333333333334
0.08333333333333333	0.008333333333333333
0	0
0.09	0.05
0.03333333333333333	0.008333333333333333
0	0
0.0	0.0
0	0
0.07142857142857142	0.0071428571428571435
0.02	0.0
0.04	0.02
0.0	0.0
0.0	0.0
0.05	0.025
0	0
0.03333333333333333	0.008333333333333333
0	0
0.05	0.025
0	0
0	0
0.024999999999999998	0.024999999999999998
0	0
0.0	0.0
0.03333333333333333	0.0
0.05	0.025
0	0
0	0
0.025000000000000005	0.03333333333333333
0.056249999999999994	0.00625
0.0875	0.075
0	0
0.05	0.075
0.08750000000000001	0.0
0.0	0.0
0.041666666666666664	0.003125
0.037500000000000006	0.00625
0	0
0.0	0.0
0.15625	0.0
0.0	0.0
0.03125	0.025
0.03571428571428571	0.05357142857142857
0.0	0.025
0.037500000000000006	0.0
0	0
0.0	0.0
0	0
0.0	0.0
0.18333333333333335	0.16666666666666666
0.055769230769230765	0.01730769230769231
0	0
0.025	0.0
0.0	0.0
0.025	0.0
0.125	0.0
0.05	0.025
0	0
0.034999999999999996	0.025
0.025	0.0
0.0	0.0
0.0125	0.00625
0.0625	0.3125
0	0
0.016666666666666666	0.024999999999999998
0.016666666666666666	0.0
0	0
0.075	0.05
0.025	0.0
0.09166666666666666	0.008333333333333333
0.15	0.0
0.025	0.0125
0.15	0.0
0.0	0.0
0.0	0.1
0.04	0.01
0.03125	0.1875
0.0	0.025
0.10625	0.0
0.04642857142857142	0.0
0.05	0.025
0.03571428571428571	0.024999999999999998
0.018750000000000003	0.0
0	0
0.025	0.005
0.0625	0.0
0.03125	0.0125
0.0125	0.0
0	0
0.0125	0.0
0.0	0.0
0.075	0.008333333333333333
0.0	0.05
0.025000000000000005	0.008333333333333333
0.05833333333333333	0.06666666666666667
0.1	0.025
0	0
0.05	0.025
0.041666666666666664	0.0
0	0
0.0625	0.0125
0	0
0.025	0.0
0.05833333333333333	0.016666666666666666
0.0875	0.025
0.075	0.0
0.0625	0.0125
0.125	0.125
0.025000000000000005	0.0
0.05	0.025
0.0875	0.025
0.05000000000000001	0.041666666666666664
0.010416666666666666	0.07291666666666667
0.0	0.0
0.04642857142857142	0.021428571428571432
0.03333333333333333	0.016666666666666666
0.0	0.0
0	0
0	0
0	0
0	0
0	0
0.075	0.075
0.0	0.0
0.075	0.075
0.0	0.0
0.0	0.0
0.0	0.0
0.016666666666666666	0.0
0.025	0.0
0.07500000000000001	0.00625
0.020833333333333332	0.0
0.0875	0.025
0.00625	0.0
0.09166666666666667	0.0
0.0125	0.0
0.06	0.03
0.0	0.0
0.0	0.0
0.029166666666666664	0.0
0.025	0.0
0	0
0	0
0	0
0	0
0.025000000000000005	0.008333333333333333
0.025	0.0
0.0	0.0
0.05	0.0
0.14375	0.10625
0.225	0.0
0.025	0.0
0.15	0.0
0.03125	0.05625
0.02	0.005
0	0
0.05	0.025
0	0
0.025	0.0
0	0
0.025	0.0
0	0
0.0	0.0
0	0
0.025	0.0
0.0125	0.0
0.05	0.0
0	0
0.0	0.08333333333333333
0.05	0.025
0.056249999999999994	0.00625
0	0
0.025	0.0
0	0
0.075	0.0
0	0
0.025	0.0
0.0	0.0
0.05	0.025
0.020833333333333332	0.1875
0.0	0.0
0.0	0.0
0.03333333333333333	0.1416666666666667
0.0	0.0
0.005	0.0
0.0	0.0
0.0	0.0
0.08333333333333333	0.09999999999999999
0.008333333333333333	0.004166666666666667
0.07222222222222224	0.005555555555555556
0.025	0.0
0.025	0.0
0	0
0.05	0.025
0.0625	0.025
0.05	0.0375
0.016666666666666666	0.008333333333333333
0	0
0.04285714285714286	0.03214285714285715
0.0125	0.0
0.1375	0.0
0.0125	0.0
0	0
0.075	0.0
0.0125	0.0
0.056249999999999994	0.0
0.0	0.0
0	0
0.0	0.0
0.0	0.0
0.016666666666666666	0.041666666666666664
0.00625	0.0
0.0	0.0
0.025	0.0
0.0	0.0
0.025	0.0
0.075	0.075
0	0
0	0
0	0
0.0	0.0
0.025	0.0
0.056249999999999994	0.0375
0.0	0.0
0.05	0.025
0.025	0.0125
0	0
0.0	0.025
0.0	0.0
0	0
0.025	0.05
0.014285714285714287	0.0035714285714285718
0.05	0.025
0.037500000000000006	0.0125
0.025	0.0
0.0	0.0
0.025	0.0
0.025000000000000005	0.008333333333333333
0.041666666666666664	0.008333333333333333
0	0
0.075	0.025
0.0	0.05
0.075	0.016666666666666666
0.049999999999999996	0.025
0.05833333333333333	0.04583333333333334
0.0	0.0
0.0775	0.0125
0.025000000000000005	0.0
0.025	0.0
0.025	0.0
0.05833333333333334	0.016666666666666666
0.10625000000000001	0.03125
0.08333333333333336	0.013888888888888888
0.0	0.0625
0.05	0.025
0.0	0.0
0.15625	0.00625
0.08392857142857142	0.016071428571428573
0.21666666666666667	0.0
0.05	0.025
0.11166666666666666	0.025
0	0
0.018750000000000003	0.00625
0	0
0.04204545454545455	0.049999999999999996
0	0
0	0
0	0
0.025	0.0375
0.025	0.0125
0.05	0.025
0.025	0.025
0.058333333333333334	0.058333333333333334
0.04	0.02
0.0	0.0
0.05	0.025
0.025	0.05
0.0125	0.0375
0.0	0.0
0.04375	0.0125
0	0
0.075	0.025
0.018750000000000003	0.0
0.05833333333333333	0.041666666666666664
0	0
0.0	0.0
0	0
0.025	0.0125
0.0	0.0
0.0	0.0
0.0	0.0
0.12708333333333333	0.0375
0.05	0.025
0	0
0.025000000000000005	0.13333333333333333
0.0	0.0
0	0
0.0	0.0
0.05	0.021875
0	0
0.08333333333333333	0.10625
0.05	0.0
0.0625	0.025
0.09166666666666667	0.0
0.06999999999999999	0.045
0.03125	0.00625
0	0
0.0	0.0
0.027083333333333334	0.008333333333333335
0.03125	0.00625
0.0625	0.008333333333333333
0.03333333333333333	0.041666666666666664
0.08333333333333333	0.016666666666666666
0.0	0.0
0.0	0.0
0.0	0.0
0	0
0.06875	0.0
0.0	0.0
0.075	0.0
0	0
0.0	0.175
0.025	0.0125
0.030000000000000006	0.005
0	0
0.018750000000000003	0.00625
0	0
0.041666666666666664	0.008333333333333333
0.07500000000000001	0.0
0	0
0.025	0.0
0.04583333333333333	0.025000000000000005
0.05833333333333333	0.0
0.025	0.0125
0.025	0.0
0.025	0.0
0.025000000000000005	0.008333333333333333
0.125	0.05
0.025000000000000005	0.008333333333333333
0.08125	0.0125
0.016666666666666666	0.041666666666666664
0	0
0.25	0.125
0	0
0.0	0.0
0.05	0.025
0.0	0.0
0.025000000000000005	0.041666666666666664
0.1375	0.0625
0	0
0.0	0.0
0.025	0.0
0.037500000000000006	0.0125
0.018750000000000003	0.00625
0.0125	0.0
0.025	0.0125
0.0	0.0
0.08333333333333333	0.008333333333333333
0.025	0.030000000000000006
0.0	0.0
0.05	0.025
0.025	0.0
0	0
0	0
0	0
0	0
0	0
0	0
0	0
0	0
0.0	0.0
0.0875	0.025
0.021428571428571432	0.03214285714285715
0.06666666666666667	0.0
0.025	0.00625
0.0	0.325
0.012500000000000002	0.06666666666666667
0	0
0	0
0.025	0.0125
0.05	0.0
0.075	0.0
0.06666666666666667	0.075
0.016666666666666666	0.016666666666666666
0	0
0.05	0.075
0.025	0.01
0.06666666666666667	0.016666666666666666
0.0625	0.07500000000000001
0.04642857142857143	0.02142857142857143
0.09097222222222223	0.06180555555555556
0.037500000000000006	0.0125
0.0	0.125
0.0375	0.0
0.015625	0.0
0	0
0	0
0.05	0.0
0.025000000000000005	0.016666666666666666
0.025	0.0125
0.07916666666666666	0.029166666666666664
0.06666666666666667	0.008333333333333333
0.05	0.0
0.025	0.0125
0.0703125	0.0078125
0.0	0.0
0.075	0.05
0.0125	0.028125
0.05	0.025
0	0
0	0
0.0625	0.05
0.0	0.0
0.0	0.0
0.05	0.05333333333333333
0.025000000000000005	0.0
0.019047619047619053	0.011904761904761904
0.0	0.0
0	0
0	0
0.0	0.0
0	0
0.05	0.025
0.05	0.025
0.0	0.0
0.016666666666666666	0.0
0	0
0.0	0.0
0.175	0.05
0.0	0.0
0	0
0	0
0	0
0.0	0.0
0.075	0.0
0.05	0.025
0.037500000000000006	0.03125
0.0	0.0
0.034999999999999996	0.005
0.075	0.0
0.016666666666666666	0.0
0	0
0	0
0.025	0.0
0.0	0.0
0.0125	0.0
0	0
0.075	0.004166666666666667
0.0	0.0
0.05000000000000001	0.0
0	0
0.05	0.025
0.0	0.0
0.0	0.0
0.05000000000000001	0.025000000000000005
0	0
0	0
0.0	0.0
0.025000000000000005	0.012500000000000002
0.07999999999999999	0.01
0	0
0.05	0.025
0.05	0.0125
0.0	0.0
0.037500000000000006	0.0
0	0
0	0
0	0
0.03333333333333333	0.0
0	0
0	0
0	0
0.05625	0.025
0	0
0	0
0	0
0.05	0.025
0.0	0.0
0.025	0.0
0.025	0.0
0.037500000000000006	0.0125
0.03333333333333333	0.041666666666666664
0.0375	0.0375
0	0
0.0625	0.05
0	0
0.075	0.075
0.075	0.005
0.025	0.0
0	0
0	0
0.075	0.008333333333333333
0	0
0.025	0.0
0.025	0.0
0.05	0.4
0	0
0.15	0.2
0.05	0.01
0.05	0.025
0.025	0.0375
0	0
0	0
0.0	0.0
0.025	0.0
0.05	0.0
0.07500000000000001	0.0
0.037500000000000006	0.0
0.025	0.0
0.025	0.0
0.025	0.0
0.024999999999999998	0.0035714285714285718
0.125	0.05
0	0
0	0
0.05	0.025
0.05	0.025
0	0
0.05	0.0125
0	0
0.05	0.025
0.037500000000000006	0.025
0.030000000000000006	0.005
0.1	0.025
0.11666666666666665	0.11666666666666665
0	0
0.041666666666666664	0.0
0.0	0.0
0.05	0.025
0.025	0.0
0	0
0	0
0	0
0	0
0.025	0.0
0.008333333333333333	0.0
0	0
0.05	0.025
0.008333333333333333	0.016666666666666666
0.0	0.0
0.075	0.025
0.0625	0.0
0	0
0	0
0	0
0.0	0.0
0.05	0.025
0	0
0	0
0.03333333333333333	0.0
0.0	0.0
0.1375	0.0
0	0
0	0
0.0	0.0
0.06666666666666667	0.0
0.06666666666666667	0.041666666666666664
0.06666666666666667	0.0
0.025000000000000005	0.0
0.0	0.0125
0.0	0.0
0.0125	0.0
0.06607142857142857	0.026785714285714284
0.025	0.0
0	0
0.05	0.025
0	0
0.05	0.025
0.041666666666666664	0.0
0.015625	0.053125000000000006
0.041666666666666664	0.13333333333333333
0.15	0.0
0.0	0.0
0.016666666666666666	0.0
0.049999999999999996	0.0625
0.0125	0.0
0.0125	0.0
0.049999999999999996	0.06
0.1	0.0375
0.05	0.0
0.025	0.037500000000000006
0.075	0.05
0.025	0.01
0	0
0.041666666666666664	0.004166666666666667
0.0	0.0
0.06666666666666667	0.008333333333333333
0.0	0.0
0.037500000000000006	0.0125
0.025	0.0
0	0
0.0	0.0
0.0125	0.0
0.0125	0.0
0.05	0.0
0	0
0.025	0.0
0.06428571428571428	0.042857142857142864
0.025	0.0
0.015909090909090907	0.002272727272727273
0.008333333333333333	0.03333333333333333
0	0
0.075	0.2
0.016666666666666666	0.008333333333333333
0.041666666666666664	0.008333333333333333
0	0
0	0
0.025000000000000005	0.016666666666666666
0	0
0.0	0.06944444444444445
0.0625	0.0375
0	0
0.0	0.0
0.025	0.075
0	0
0.034999999999999996	0.015000000000000003
0	0
0.07500000000000001	0.04062500000000001
0.075	0.05625
0.029166666666666664	0.012499999999999999
0.03333333333333333	0.016666666666666666
0.11333333333333333	0.025
0.0875	0.0
0.015909090909090907	0.00681818181818182
0.1	0.0
0.034999999999999996	0.0
0.0	0.0
0.10833333333333334	0.0125
0.065	0.015000000000000003
0	0
0.0	0.0
0.05	0.025
0	0
0.0625	0.0375
0.0	0.025
0.041666666666666664	0.008333333333333333
0.04230769230769231	0.036538461538461534
0.020833333333333332	0.1125
0	0
0.0875	0.0
0.04833333333333334	0.013333333333333334
0.025	0.0
0.025000000000000005	0.0
0.0	0.0
0.0375	0.0
0	0
0.025	0.0
0.03333333333333333	0.0
0	0
0	0
0.025	0.0125
0.1416666666666667	0.016666666666666666
0.0	0.0
0.06666666666666667	0.0
0.05	0.0
0.00625	0.0
0.0	0.0
0.04583333333333334	0.0125
0.0125	0.0
0.075	0.0
0.0	0.0
0.015000000000000003	0.0
0.0875	0.0
0.0125	0.0
0.09375	0.004166666666666667
0	0
0	0
0.037500000000000006	0.03125
0.025	0.0625
0.0625	0.0
0.008333333333333333	0.08333333333333333
0.0125	0.00625
0.03125	0.009375000000000001
0.05	0.0
0.025	0.0125
0	0
0.0	0.0
0.0	0.05
0.025	0.0
0.03125	0.0125
0	0
0.0125	0.0
0.0	0.0
0.078125	0.015625
0.0	0.0
0.05	0.02
0.008333333333333333	0.024999999999999998
0	0
0	0
0.0125	0.0
0.025	0.01
0.06875	0.018750000000000003
0.03333333333333333	0.0
0	0
0.1	0.0
0.05	0.025
0	0
0.1125	0.025
0.045	0.0
0.0	0.0
0.03333333333333333	0.008333333333333333
0.0625	0.0875
0	0
0.0	0.15
0.05	0.025
0.05	0.005555555555555556
0.07	0.02
0	0
0	0
0.037500000000000006	0.03125
0.04	0.02
0.0	0.0
0.0875	0.0
0.016666666666666666	0.008333333333333333
0.0125	0.0
0.0	0.0
0	0
0.025	0.0
0.009375000000000001	0.003125
0.025	0.0125
0.1875	0.03125
0.0	0.0
0.0	0.0
0.0	0.0
0.0	0.0
0.05	0.06785714285714287
0.025000000000000005	0.0
0.05625	0.00625
0.04285714285714286	0.060714285714285714
0.03333333333333333	0.03333333333333333
0.04375	0.00625
0.125	0.05
0.1	0.025
0.0375	0.0
0	0
0.0625	0.0125
0.0625	0.0375
0.03333333333333333	0.012499999999999999
0	0
0.018750000000000003	0.1
0.008333333333333333	0.0
0.04583333333333333	0.008333333333333333
0.20833333333333334	0.0
0	0
0	0
0.0125	0.0
0.05	0.025
0.045000000000000005	0.07
0	0
0.03928571428571428	0.014285714285714287
0.025	0.0125
0.008333333333333333	0.03333333333333333
0.075	0.0125
0.05	0.025
0.0	0.0
0	0
0.029166666666666664	0.07916666666666668
0.05	0.025
0.03125	0.0125
0.05	0.025
0.0	0.0
0.0	0.0
0.08055555555555556	0.03333333333333333
0.0	0.0
0.025	0.0
0.0375	0.00625
0.0	0.0
0.06406250000000001	0.04296875
0	0
0	0
0	0
0.0	0.0
0	0
0	0
0.025	0.0125
0	0
0	0
0.0	0.0
0.0	0.0
0.05	0.0
0.0	0.0
0.05	0.025
0.22916666666666666	0.0625
0	0
0	0
0	0
0.041666666666666664	0.03333333333333333
0.05	0.0
0.025000000000000005	0.0
0	0
0.0	0.0
0.075	0.0
0.0703125	0.0453125
0.0125	0.0125
0.0	0.0
0	0
0.05	0.025
0.0625	0.09375
0.025000000000000005	0.008333333333333333
0.025	0.0125
0	0
0.03333333333333333	0.004166666666666667
0	0
0	0
0.008333333333333333	0.0
0.08	0.05500000000000001
0.05	0.025
0.025	0.0125
0.031818181818181815	0.004545454545454546
0.0625	0.0
0.00625	0.0
0.041666666666666664	0.008333333333333333
0.0125	0.0
0.02	0.005
0	0
0.125	0.0625
0	0
0.09000000000000001	0.034999999999999996
0.025	0.0
0	0
0.0	0.0
0	0
0.0	0.0
0.0	0.0
0	0
0	0
0.03333333333333333	0.049999999999999996
0.023333333333333334	0.0
0	0
0.09166666666666667	0.041666666666666664
0.095	0.034999999999999996
0.05	0.025
0.0	0.1
0.03833333333333333	0.045
0.025	0.0
0.0875	0.025
0.008333333333333333	0.0
0.09166666666666667	0.025000000000000005
0	0
0	0
0.0	0.0
0.05	0.025
0.025	0.00625
0	0
0.0734375	0.014062499999999999
0.0125	0.0
0	0
0.05000000000000001	0.1416666666666667
0.0	0.0
0.0375	0.0875
0	0
0.15	0.0
0.025	0.075
0.025000000000000005	0.008333333333333333
0.145	0.025
0	0
0.0	0.10833333333333334
0.0	0.296875
0.05625	0.01875
0.05	0.025
0.0125	0.0
0	0
0.05	0.025
0.075	0.008333333333333333
0.025	0.075
0.075	0.008333333333333333
0.025	0.0
0.05	0.0125
0.03333333333333333	0.016666666666666666
0	0
0.025	0.0
0.025	0.0125
0.016666666666666666	0.025000000000000005
0.0	0.0
0.056249999999999994	0.00625
0.016666666666666666	0.0
0.05	0.015625
0.06500000000000002	0.045
0.025	0.0
0.05	0.025
0.125	0.1125
0.03333333333333333	0.016666666666666666
0.0	0.0
0.025	0.0125
0.020833333333333332	0.0
0.0	0.0
0.0625	0.0125
0	0
0	0
0	0
0.05	0.06
0.09166666666666667	0.041666666666666664
0	0
0.125	0.0625
0	0
0.025	0.0
0.03333333333333333	0.09999999999999999
0.08333333333333333	0.049999999999999996
0	0
0	0
0.075	0.05
0.0	0.0
0.05	0.025
0.025000000000000005	0.041666666666666664
0.0	0.0
0.03333333333333333	0.0
0.0	0.025
0.05	0.025
0.0125	0.05
0.05	0.0
0.037500000000000006	0.0125
0.1	0.05
0.0	0.0
0.07857142857142858	0.03214285714285715
0.025	0.0
0.06666666666666667	0.0
0.05833333333333333	0.0
0	0
0.05833333333333334	0.008333333333333333
0.05	0.05
0.04375	0.0125
0.09166666666666667	0.020833333333333332
0.0	0.0
0.0	0.0
0.0875	0.0
0.0	0.0
0.0	0.0
0.075	0.0
0	0
0.040625	0.003125
0.03125	0.0
0.020833333333333332	0.16944444444444443
0.024999999999999998	0.015625
0.017499999999999998	0.06
0.05666666666666667	0.05583333333333333
0.0125	0.125
0.125	0.025
0.028571428571428574	0.08392857142857144
0.018750000000000003	0.0125
0	0
0	0
0.053125	0.028125
0.0125	0.0
0.030000000000000006	0.05
0.037500000000000006	0.00625
0.05	0.025
0	0
0.025	0.0125
0.05	0.025
0	0
0.05499999999999999	0.02
0.05	0.025
0	0
0.04375	0.03125
0.043750000000000004	0.008333333333333333
0.02857142857142857	0.028571428571428574
0.0	0.025
0.025	0.0
0.0	0.0
0.03333333333333333	0.016666666666666666
0.0	0.0
0.0	0.0
0.025	0.0
0.0	0.0
0.05	0.025
0.025	0.0
0.016666666666666666	0.008333333333333333
0	0
0.0125	0.0
0.041666666666666664	0.004166666666666667
0.025	0.0125
0.025	0.0125
0	0
0.05	0.025
0.025	0.0125
0.025	0.0125
0.1	0.0125
0	0
0.0	0.0
0.09999999999999999	0.049999999999999996
0.0125	0.05
0	0
0.053125	0.025
0.08750000000000001	0.018750000000000003
0.025	0.0
0	0
0	0
0.0	0.0
0.12777777777777777	0.06666666666666667
0.025	0.0
0	0
0	0
0.025	0.0
0.05416666666666667	0.029166666666666664
0.0	0.0
0.041666666666666664	0.008333333333333333
0.025	0.0
0.0375	0.0125
0.025000000000000005	0.008333333333333333
0	0
0	0
0.041666666666666664	0.016666666666666666
0.15	0.0
0.08333333333333333	0.049999999999999996
0	0
0.075	0.125
0.0	0.0
0.0	0.05
0.041666666666666664	0.0
0	0
0.025	0.0
0.0125	0.0375
0.0125	0.0
0.041666666666666664	0.049999999999999996
0.0	0.0
0.08541666666666665	0.008333333333333333
0.05	0.025
0.02	0.005
0.041666666666666664	0.008333333333333333
0	0
0.0	0.0
0.025	0.0
0.03333333333333333	0.008333333333333333
0.06999999999999999	0.03125
0.037500000000000006	0.03125
0.025	0.05
0	0
0.0	0.0
0.1625	0.0
0	0
0	0
0.041666666666666664	0.0
0.025	0.0
0.05	0.025
0.0	0.0
0.0	0.0
0.325	0.0
0.05714285714285715	0.028571428571428574
0.0375	0.0125
0.0125	0.0625
0.17500000000000002	0.0
0.0	0.0
0	0
0.0	0.0
0.05	0.025
0	0
0.0642857142857143	0.014285714285714287
0.0	0.0
0.041666666666666664	0.0
0.07916666666666666	0.07708333333333334
0.05	0.025
0.028125	0.0
0.04375	0.08750000000000001
0.0	0.0
0	0
0.008333333333333333	0.0
0	0
0	0
0.0625	0.0
0.037500000000000006	0.0125
0.0	0.0
0	0
0.0	0.0
0.0	0.0125
0.02	0.01
0	0
0.025	0.0125
0.0125	0.027500000000000004
0.0875	0.10833333333333334
0.025000000000000005	0.08750000000000001
0.016666666666666666	0.041666666666666664
0.0	0.0
0.0	0.0
0.0	0.0
0.06666666666666667	0.008333333333333333
0.0	0.0
0	0
0.0	0.0
0.03333333333333333	0.016666666666666666
0.0	0.0
0	0
0.0	0.0
0	0
0.0	0.025
0.10500000000000001	0.065
0	0
0.05	0.0
0.025	0.0
0	0
0.25	0.125
0.0	0.0
0.0	0.0
0.05	0.025
0.04583333333333334	0.012500000000000002
0.06	0.06
0	0
0	0
0.016666666666666666	0.016666666666666666
0	0
0.024999999999999998	0.0
0.016666666666666666	0.008333333333333333
0	0
0.05	0.025
0.25	0.125
0.0	0.0
0.02916666666666667	0.008333333333333333
0	0
0.0875	0.0
0.0875	0.0
0.0	0.1
0	0
0.1	0.05
0.037500000000000006	0.0
0.016666666666666666	0.0
0.0375	0.0
0.0875	0.0
0.0625	0.029166666666666664
0	0
0	0
0.0	0.0
0.025	0.00625
0.0640625	0.046875
0	0
0	0
0.0125	0.0
0.034999999999999996	0.0
0.041666666666666664	0.005
0.025000000000000005	0.0
0	0
0.0	0.0
0.125	0.0
0.0	0.0
0	0
0	0
0.045	0.0
0	0
0.06	0.005
0.0625	0.1875
0.0	0.0
0.06666666666666667	0.04583333333333334
0.1375	0.0625
0.05	0.025
0	0
0.025	0.0
0.0125	0.018750000000000003
0.0	0.0
0	0
0.05833333333333333	0.0
0.05625	0.0
0.05	0.025
0	0
0.0	0.0
0.125	0.0125
0.0375	0.0625
0	0
0	0
0	0
0	0
0.075	0.0
0	0
0.020833333333333332	0.008333333333333333
0.0	0.0
0.05	0.025
0.015000000000000003	0.005
0.03333333333333333	0.016666666666666666
0.025000000000000005	0.0
0.041666666666666664	0.0
0	0
0.00625	0.00625
0.06458333333333334	0.02708333333333333
0.008333333333333333	0.0
0.15	0.0
0.05	0.05
0	0
0.005	0.0
0.0625	0.0125
0.042857142857142864	0.010714285714285716
0.05	0.025
0.05	0.025
0.025	0.0125
0.05	0.0
0	0
0.075	0.05
0.03125	0.03125
0.025000000000000005	0.008333333333333333
0.0125	0.0
0.05	0.025
0.008333333333333333	0.0
0.03125	0.018750000000000003
0.025	0.0
0.11666666666666665	0.03333333333333333
0.05	0.025
0	0
0	0
0.0	0.0
0	0
0.0	0.0
0.0875	0.037500000000000006
0.0	0.0
0.0125	0.01875
0	0
0.0	0.0
0.025	0.00625
0	0
0.0	0.0375
0.0	0.0
0.05	0.025
0.075	0.05
0.075	0.025
0	0
0.018750000000000003	0.00625
0.05	0.09
0.025	0.00625
0.04	0.015000000000000003
0	0
0.041666666666666664	0.013888888888888888
0.0	0.0
0	0
0.049999999999999996	0.041666666666666664
0.06666666666666667	0.0
0	0
0.05	0.025
0	0
0	0
0.0625	0.0375
0.0	0.0
0	0
0.05	0.025
0.00625	0.0
0	0
0	0
0.0	0.0
0.05	0.025
0	0
0.0125	0.0
0.0	0.0
0.0	0.046875
0.0	0.0
0.025	0.0
0	0
0.125	0.05833333333333333
0.025	0.0
0.0	0.0
0	0
0.0625	0.025
0.04285714285714286	0.06785714285714285
0.0	0.025
0.0	0.037500000000000006
0.05	0.0
0.043750000000000004	0.00625
0.15	0.0
0.02	0.0
0	0
0.025	0.0
0.1125	0.08750000000000001
0	0
0.0	0.125
0.049999999999999996	0.0
0.0	0.0
0.0828125	0.0203125
0.0125	0.0
0	0
0.25	0.125
0.05	0.025
0	0
0	0
0.065	0.005
0.0	0.0
0.08125	0.00625
0.037500000000000006	0.04375
0.0875	0.1
0.0125	0.0
0.018750000000000003	0.00625
0	0
0	0
0	0
0	0
0.0	0.1
0.025	0.05625
0.025	0.0
0	0
0.03125	0.1
0.025000000000000005	0.0
0.05	0.0125
0	0
0.025	0.0
0.05	0.025
0.0125	0.0625
0.041666666666666664	0.049999999999999996
0	0
0	0
0.05625	0.00625
0.02	0.005
0.025	0.05
0.12499999999999999	0.0375
0.05	0.025
0.041666666666666664	0.016666666666666666
0	0
0	0
0	0
0.1	0.0
0.0125	0.0
0.05	0.025
0.025	0.0125
0.016666666666666666	0.008333333333333333
0.0125	0.0
0.05	0.025
0	0
0	0
0.025	0.0
0	0
0	0
0.025	0.0
0.03333333333333333	0.010714285714285716
0.05833333333333333	0.03333333333333333
0.0	0.025
0.04479166666666667	0.053125000000000006
0	0
0	0
0.0	0.0
0.025000000000000005	0.008333333333333333
0.041666666666666664	0.016666666666666666
0	0
0.03333333333333333	0.0
0.025	0.0
0.05	0.025
0.028124999999999997	0.0125
0.0875	0.04375
0	0
0.13749999999999998	0.056249999999999994
0.10625	0.0
0	0
0	0
0	0
0.037500000000000006	0.0
0.0875	0.0
0.0	0.0
0.05	0.0
0	0
0.275	0.0
0.0	0.0
0.025	0.0
0.05	0.025
0.025000000000000005	0.008333333333333333
0.024999999999999998	0.049999999999999996
0.07727272727272727	0.04090909090909091
0.008333333333333333	0.0
0	0
0.025	0.0
0.0	0.025
0.008333333333333333	0.0
0	0
0.125	0.075
0.016666666666666666	0.15
0.016666666666666666	0.15
0.016666666666666666	0.15
0.025	0.225
0	0
0.0	0.0
0.02	0.02
0.0	0.0
0	0
0	0
0	0
0.015625	0.03125
0.025	0.225
0.05	0.0
0	0
0	0
0.0	0.0
0.0	0.05
0.05	0.0
0	0
0.0125	0.0
0.175	0.075
0.075	0.03125
0	0
0	0
0.0	0.008333333333333333
0	0
0.039999999999999994	0.005
0	0
0	0
0.0125	0.0
0.015000000000000003	0.005
0.05	0.0
0.037500000000000006	0.0
0.05	0.025
0	0
0.0	0.0
0.0	0.0
0.0	0.0
0.0	0.0
0.016666666666666666	0.008333333333333333
0.025	0.0
0	0
0	0
0	0
0.0	0.0
0.05	0.075
0	0
0.025	0.0125
0.058333333333333334	0.0
0	0
0	0
0.0	0.0
0	0
0.025	0.0
0.018750000000000003	0.0
0	0
0.025	0.0
0	0
0	0
0	0
0.014285714285714287	0.0035714285714285718
0	0
0.0	0.0
0	0
0.1375	0.0625
0.05	0.05
0.0375	0.005357142857142858
0.0	0.025
0	0
0.005	0.0
0.0	0.0
0.025	0.0
0.05	0.025
0.05	0.0
0.025	0.0125
0.05833333333333333	0.024999999999999998
0.04375	0.00625
0.008333333333333333	0.0
0.041666666666666664	0.0
0.025	0.0125
0	0
0.0875	0.0
0	0
0.09166666666666667	0.041666666666666664
0.05	0.025
0	0
0.0	0.025
0.0	0.0
0.008333333333333333	0.0
0	0
0.06666666666666667	0.0
0.1625	0.0
0.11249999999999999	0.037500000000000006
0.041666666666666664	0.008333333333333333
0.08750000000000002	0.019999999999999997
0.016666666666666666	0.0
0	0
0.0125	0.0
0.075	0.0035714285714285718
0.0	0.0
0.0	0.0
0.0	0.0
0	0
0	0
0.0	0.0
0.0	0.0
0.01	0.0
0	0
0	0
0.05	0.0
0	0
0.037500000000000006	0.0
0.025	0.0875
0.0	0.0
0	0
0.08125	0.07500000000000001
0.05661764705882355	0.017647058823529415
0.05	0.025
0.0	0.0
0	0
0.0	0.0
0.05	0.0125
0.05000000000000001	0.004166666666666667
0.034999999999999996	0.0
0.0	0.0
0	0
0.0	0.0
0.05	0.0
0.06666666666666667	0.008333333333333333
0	0
0.0	0.0
0.02	0.034999999999999996
0.325	0.0
0.0	0.1
0.0	0.0
0	0
0.025	0.0625
0.037500000000000006	0.0125
0.0375	0.0625
0.037500000000000006	0.0125
0.037500000000000006	0.0
0.0125	0.0125
0.025	0.0
0.0625	0.0
0.05	0.005
0	0
0	0
0	0
0.0	0.0
0	0
0	0
0	0
0	0
0	0
0.05	0.025
0	0
0	0
0.008333333333333333	0.03333333333333333
0.0	0.0
0.016666666666666666	0.0
0.0	0.0
0.05	0.0
0	0
0	0
0.125	0.05
0.07500000000000001	0.04375
0.05	0.025
0.11666666666666665	0.06666666666666667
0.0875	0.0
0.05	0.0
0	0
0.05	0.025
0.1	0.0
0.05	0.025
0.0	0.0
0.037500000000000006	0.0125
0.03125	0.00625
0.0125	0.0
0.025000000000000005	0.016666666666666666
0.025000000000000005	0.0
0.15	0.0
0	0
0.05	0.025
0.075	0.125
0.325	0.0
0	0
0	0
0	0
0.05	0.037500000000000006
0.05	0.0
0	0
0.041666666666666664	0.049999999999999996
0.049999999999999996	0.0375
0.0	0.0
0.041666666666666664	0.008333333333333333
0.0	0.0
0.05	0.025
0.025	0.0
0.03333333333333333	0.008333333333333333
0.09999999999999999	0.025000000000000005
0	0
0.041666666666666664	0.07708333333333334
0.025	0.0
0	0
0.049999999999999996	0.025
0.025	0.2
0.10000000000000002	0.041666666666666664
0.09500000000000001	0.02
0.0	0.0
0.041666666666666664	0.03333333333333333
0	0
0.0125	0.225
0.0	0.0
0	0
0.033928571428571426	0.010714285714285716
0.075	0.008333333333333333
0.075	0.008333333333333333
0.05357142857142859	0.02142857142857143
0	0
0.016666666666666666	0.041666666666666664
0	0
0.07777777777777778	0.0625
0	0
0.05	0.025
0.05	0.025
0	0
0.10000000000000002	0.041666666666666664
0.065	0.015000000000000003
0.02	0.0
0	0
0.028124999999999997	0.015625
0	0
0.04642857142857143	0.10714285714285714
0	0
0.025	0.0
0.0	0.1
0	0
0	0
0.025	0.0
0.025	0.0125
0.075	0.02142857142857143
0	0
0	0
0	0
0.05	0.025
0.016666666666666666	0.05833333333333333
0.0	0.0
0.025	0.00625
0.041666666666666664	0.008333333333333333
0.025	0.0
0.05	0.025
0.025	0.040625
0.04	0.01
0	0
0.016666666666666666	0.008333333333333333
0	0
0.05	0.025
0.03333333333333333	0.0
0	0
0.05	0.025
0.1	0.0125
0.0	0.0
0	0
0.11249999999999999	0.037500000000000006
0.05	0.025
0	0
0	0
0.04583333333333333	0.012500000000000002
0.0638888888888889	0.022222222222222223
0.0375	0.0
0.05	0.025
0.03333333333333333	0.075
0.0	0.0
0.0375	0.05416666666666666
0.03333333333333333	0.049999999999999996
0.09	0.025
0.04375	0.0125
0.05	0.025
0.06874999999999999	0.003125
0	0
0.1125	0.016666666666666666
0.08750000000000001	0.0375
0.075	0.018750000000000003
0.05	0.025
0.0	0.0
0.045	0.005
0	0
0.037500000000000006	0.0
0.05833333333333333	0.008333333333333333
0.025	0.0
0.11249999999999999	0.0125
0.05	0.025
0.00625	0.0
0.0	0.125
0.025	0.0
0.075	0.025
0.0125	0.0
0	0
0	0
0	0
0	0
0.03333333333333333	0.049999999999999996
0	0
0.05833333333333334	0.04583333333333334
0.09999999999999999	0.0
0.0	0.0
0	0
0.05	0.025
0	0
0.0	0.0
0.0	0.0
0	0
0.15	0.0
0.05	0.0025
0.075	0.0
0.045	0.08
0.0	0.0
0.05	0.0125
0.037500000000000006	0.0125
0.14166666666666666	0.041666666666666664
0.25	0.125
0.1375	0.025
0.0125	0.0
0.016666666666666666	0.016666666666666666
0.0	0.0
0	0
0.025	0.0
0.07142857142857142	0.024999999999999998
0	0
0.05	0.025
0.0859375	0.1546875
0.05	0.025
0.2375	0.0
0	0
0.0	0.0
0	0
0.05	0.025
0.05	0.0
0.053125	0.00625
0.08409090909090909	0.022727272727272728
0.025000000000000005	0.0
0.05	0.025
0.0	0.0
0.06666666666666667	0.008333333333333333
0	0
0.05	0.025
0	0
0.0453125	0.0078125
0.0375	0.0
0.075	0.0
0.05	0.0
0.10833333333333334	0.008333333333333333
0.025	0.0125
0.0	0.0
0	0
0	0
0	0
0	0
0.025	0.0
0.03333333333333333	0.0
0.05	0.0
0	0
0.0	0.041666666666666664
0.05	0.0
0.05	0.025
0.0	0.0
0	0
0	0
0.05	0.025
0.010416666666666666	0.0625
0.05	0.025
0.025	0.0
0.075	0.025000000000000005
0.075	0.0
0	0
0	0
0	0
0	0
0	0
0	0
0.0125	0.0
0.025	0.0
0	0
0.0625	0.0125
0.125	0.025
0.025	0.0
0	0
0.025	0.0125
0.05	0.025
0.049999999999999996	0.008333333333333333
0.04375	0.0125
0.15	0.0
0.025	0.075
0.037500000000000006	0.0125
0.016666666666666666	0.0
0.024999999999999998	0.008333333333333333
0.025000000000000005	0.016666666666666666
0	0
0.016666666666666666	0.008333333333333333
0.15	0.0
0.05	0.0125
0.04642857142857143	0.014285714285714287
0.05	0.025
0.21666666666666667	0.016666666666666666
0.05	0.025
0.029166666666666664	0.016666666666666666
0.03333333333333333	0.016666666666666666
0.02	0.025
0.041666666666666664	0.06666666666666667
0.03333333333333333	0.016666666666666666
0.0125	0.0625
0.05	0.00625
0.041666666666666664	0.008333333333333333
0.025	0.0
0.025	0.0
0.05	0.025
0.0	0.0125
0.016666666666666666	0.004166666666666667
0.0375	0.0
0	0
0.0638888888888889	0.019444444444444445
0.0775	0.005
0.041666666666666664	0.016666666666666666
0.0	0.0
0.05	0.025
0.07500000000000001	0.09999999999999999
0.052500000000000005	0.0075
0.032499999999999994	0.0125
0.016666666666666666	0.008333333333333333
0.09999999999999999	0.0
0	0
0.05	0.025
0	0
0	0
0	0
0	0
0.0	0.0
0.024999999999999998	0.020833333333333332
0.06875	0.05625
0.027500000000000004	0.0125
0.049999999999999996	0.0071428571428571435
0.016666666666666666	0.016666666666666666
0.037500000000000006	0.0125
0.025	0.0125
0	0
0.0	0.0
0.0875	0.0
0.04375	0.0
0.037500000000000006	0.025
0.016666666666666666	0.041666666666666664
0.0	0.0
0.005	0.025
0	0
0	0
0.025000000000000005	0.0
0.041666666666666664	0.049999999999999996
0.056249999999999994	0.10625000000000001
0.15	0.2
0.049999999999999996	0.06666666666666667
0.0125	0.003125
0	0
0.0125	0.0
0.0625	0.0625
0	0
0	0
0.034375	0.009375000000000001
0.014285714285714287	0.017857142857142856
0.03333333333333333	0.03333333333333333
0	0
0.05	0.025
0.037500000000000006	0.0
0.025	0.0
0.046875	0.003125
0.08125	0.053125000000000006
0	0
0.0	0.0
0.0125	0.05
0.025	0.037500000000000006
0	0
0.05	0.025
0.025	0.01
0.016666666666666666	0.0
0	0
0.025	0.0125
0.05	0.0125
0.05	0.0
0.025	0.0
0.049999999999999996	0.06666666666666667
0	0
0	0
0.1	0.05
0.165625	0.040625
0.034999999999999996	0.034999999999999996
0	0
0	0
0.12916666666666668	0.2
0	0
0	0
0	0
0	0
0	0
0	0
0	0
0.025	0.0
0.025	0.0
0	0
0.0625	0.1875
0.025	0.025
0.10625	0.0
0.0625	0.1875
0	0
0.08333333333333333	0.06666666666666667
0.05	0.025
0.08750000000000001	0.0
0	0
0.037500000000000006	0.0125
0	0
0.03333333333333333	0.0
0.07500000000000001	0.00625
0.049999999999999996	0.0
0	0
0.05833333333333334	0.020833333333333332
0.05000000000000001	0.008333333333333333
0	0
0.05833333333333333	0.025000000000000005
0	0
0.04375	0.0
0	0
0.125	0.125
0.0	0.0
0	0
0.008333333333333333	0.0
0.016666666666666666	0.0
0.0	0.0
0.05	0.025
0	0
0.1875	0.0
0	0
0.05	0.025
0.05	0.00625
0	0
0.15	0.0
0.0	0.0
0.05	0.025
0.05	0.025
0.01875	0.0
0	0
0.045000000000000005	0.015000000000000003
0.0	0.0
0	0
0	0
0	0
0	0
0	0
0.0	0.0
0.052500000000000005	0.0
0	0
0.041666666666666664	0.03333333333333333
0.025	0.00625
0.037500000000000006	0.0
0.0	0.0
0	0
0.025	0.0
0.1375	0.0125
0.0	0.0
0.016666666666666666	0.008333333333333333
0.0	0.0
0.014285714285714287	0.0035714285714285718
0	0
0.025	0.0
0.0375	0.025
0	0
0	0
0	0
0.0	0.0125
0.0625	0.0125
0.0	0.0
0	0
0.15	0.025
0.05	0.025
0.0	0.0
0	0
0.049999999999999996	0.05500000000000001
0	0
0.025	0.0125
0.025	0.075
0.0890625	0.0328125
0.05	0.025
0.046875	0.021875
0	0
0.016666666666666666	0.0
0.0125	0.00625
0	0
0	0
0.0875	0.0
0	0
0	0
0.0125	0.0
0.25	0.125
0	0
0.05	0.025
0	0
0	0
0	0
0.075	0.0
0.025	0.05625
0.06	0.0
0.0	0.0
0.0625	0.0
0	0
0.025	0.0
0.05	0.025
0.024999999999999998	0.0
0	0
0.025	0.0
0	0
0	0
0.0	0.0
0.025000000000000005	0.008333333333333333
0.037500000000000006	0.0125
0.016666666666666666	0.008333333333333333
0.0	0.0
0.05	0.025
0.0	0.0
0.0	0.0
0.06666666666666667	0.052083333333333336
0.0	0.0
0.05000000000000001	0.008333333333333333
0	0
0.125	0.04375
0	0
0.0	0.08750000000000001
0.0	0.0625
0	0
0.037500000000000006	0.0125
0.0125	0.0
0.02	0.005
0.06875	0.0
0.0625	0.0875
0.05	0.025
0	0
0	0
0.0	0.0
0	0
0	0
0	0
0	0
0.0	0.0
0.025	0.0
0.05	0.025
0.025	0.0
0.008333333333333333	0.0
0.025	0.0125
0	0
0	0
0.0	0.0
0.025	0.025
0.05	0.025
0.0125	0.05
0.03125	0.00625
0.00625	0.0
0.0	0.0
0.06875	0.0
0.03611111111111112	0.042361111111111106
0.04375	0.0
0.05	0.025
0.04791666666666666	0.03958333333333333
0.02	0.07125000000000001
0	0
0.0475	0.01
0	0
0.016666666666666666	0.008333333333333333
0.0	0.0
0.0	0.0
0.05	0.025
0.075	0.075
0.09642857142857143	0.03214285714285714
0.06818181818181819	0.020454545454545454
0.028749999999999998	0.021249999999999998
0	0
0.05	0.025
0.06041666666666667	0.025
0.0703125	0.0078125
0.15	0.049999999999999996
0	0
0.05	0.025
0.0	0.0
0.165625	0.028125
0.0	0.0
0	0
0.10000000000000002	0.06666666666666667
0	0
0.0	0.0
0	0
0	0
0.08333333333333333	0.008333333333333333
0.0	0.0
0.025	0.0125
0	0
0.0	0.0
0.025	0.00625
0	0
0.07	0.034999999999999996
0	0
0	0
0	0
0.024999999999999998	0.0
0.0	0.0
0	0
0.03125	0.09375
0.025	0.0
0.075	0.125
0	0
0.025000000000000005	0.0
0.05	0.025
0	0
0.0125	0.0
0.025	0.075
0.0125	0.0
0.0	0.0
0.049999999999999996	0.0
0.03333333333333333	0.008333333333333333
0.0375	0.06875
0	0
0	0
0.0125	0.0
0	0
0.125	0.0
0.0	0.0
0.0	0.0
0.0	0.0
0.025	0.0
0.012500000000000002	0.0
0.05000000000000001	0.008333333333333333
0	0
0	0
0	0
0	0
0	0
0	0
0.0	0.0
0.05	0.0
0	0
0.05714285714285714	0.025
0.0	0.0
0.0125	0.0
0	0
0.0	0.0
0	0
0.0	0.0
0.025	0.0
0	0
0.025	0.0
0.0	0.0
0	0
0.025	0.0
0	0
0	0
0.016666666666666666	0.008333333333333333
0.0625	0.0125
0.08333333333333333	0.008333333333333333
0.0	0.0
0.016666666666666666	0.0
0.05	0.0
0.025	0.05
0.025	0.00625
0.016666666666666666	0.0
0	0
0.0	0.0
0.025	0.0125
0	0
0.04285714285714286	0.03928571428571429
0	0
0.037500000000000006	0.0
0.075	0.0
0.030555555555555558	0.002777777777777778
0	0
0.0	0.0
0	0
0	0
0.28125	0.03125
0.15000000000000002	0.0
0	0
0.008333333333333333	0.008333333333333333
0	0
0.0	0.0
0.03333333333333333	0.016666666666666666
0	0
0.05	0.025
0.03214285714285714	0.021428571428571432
0	0
0.0625	0.037500000000000006
0	0
0	0
0	0
0	0
0	0
0	0
0.0	0.0
0.0	0.0
0.016666666666666666	0.008333333333333333
0.05	0.04264705882352942
0	0
0.03333333333333333	0.049999999999999996
0	0
0.025	0.015000000000000003
0.016666666666666666	0.0
0.025000000000000005	0.008333333333333333
0	0
0.025000000000000005	0.0
0.0	0.0
0.016666666666666666	0.0
0.0	0.0
0.3958333333333333	0.0
0	0
0.025	0.0
0.025	0.00625
0.05555555555555555	0.013888888888888888
0	0
0.0125	0.0
0.0	0.0
0.0	0.0
0.05	0.025
0.03125	0.01875
0	0
0.06666666666666667	0.016666666666666666
0.06666666666666667	0.041666666666666664
0.05000000000000001	0.17500000000000002
0	0
0.0	0.0
0.022222222222222223	0.0
0.024999999999999998	0.004166666666666667
0.07361111111111111	0.029166666666666664
0.018750000000000003	0.00625
0.0125	0.175
0.00625	0.0
0.05	0.025
0	0
0	0
0.08750000000000001	0.05000000000000001
0.037500000000000006	0.0
0.0	0.0
0.059375	0.01875
0.0	0.0
0	0
0.0	0.0
0	0
0.0	0.0
0	0
0.037500000000000006	0.0125
0.0625	0.0125
0.025	0.0
0.0	0.0
0.025	0.0125
0.008333333333333333	0.10833333333333334
0	0
0.025	0.0
0	0
0	0
0	0
0.029166666666666664	0.016666666666666666
0.030555555555555558	0.008333333333333333
0.025	0.025
0.016666666666666666	0.15
0.0	0.0
0.09999999999999999	0.049999999999999996
0.0	0.0
0	0
0	0
0.0328125	0.0125
0.025	0.0
0.05	0.02
0	0
0	0
0	0
0	0
0.05	0.025
0.03333333333333333	0.0
0	0
0.05	0.025
0.025	0.0
0	0
0.016666666666666666	0.049999999999999996
0.0625	0.075
0.025	0.0
0.05	0.0
0.05	0.025
0	0
0.0	0.0
0	0
0.0	0.05
0	0
0.0	0.1
0.06666666666666667	0.024999999999999998
0	0
0	0
0.075	0.016666666666666666
0	0
0	0
0.01125	0.057499999999999996
0.03333333333333333	0.008333333333333333
0.049999999999999996	0.0
0.0	0.0
0.0	0.0
0.037500000000000006	0.0
0.05	0.025
0	0
0.0125	0.0
0.0	0.025
0.04375	0.0375
0.05	0.025
0	0
0.05	0.025
0	0
0.05	0.025
0	0
0.0	0.0
0	0
0	0
0.016666666666666666	0.0
0.075	0.05500000000000001
0.025	0.0625
0.09166666666666667	0.0
0	0
0.05	0.025
0.05	0.025
0.0	0.0
0.025	0.0125
0.0625	0.5625
0	0
0	0
0	0
0.05	0.0
0.027083333333333334	0.008333333333333333
0	0
0	0
0.0	0.0
0.08333333333333333	0.041666666666666664
0	0
0.0	0.0
0.05	0.025
0.0	0.0
0.0	0.0
0.0125	0.0
0.08750000000000001	0.04375
0.0	0.0
0.05	0.025
0.05	0.025
0.0	0.0
0.037500000000000006	0.0125
0	0
0.03863636363636364	0.011363636363636364
0	0
0.0	0.0
0.0	0.0
0	0
0.0	0.0
0	0
0.025	0.0
0	0
0.029166666666666664	0.004166666666666667
0.05	0.025
0.0	0.0
0.28125	0.0
0.025000000000000005	0.016666666666666666
0.04	0.034999999999999996
0	0
0.0	0.0
0	0
0.0	0.0
0.0125	0.0375
0.025	0.025
0	0
0.016666666666666666	0.0
0.05	0.025
0	0
0.06	0.04
0.025	0.0
0.07	0.034999999999999996
0.08124999999999999	0.0
0.037500000000000006	0.04375
0.05000000000000001	0.041666666666666664
0.025	0.2
0.07500000000000001	0.03125
0	0
0.025	0.075
0	0
0	0
0.07500000000000001	0.0125
0	0
0	0
0	0
0.15	0.2
0.0375	0.08125
0.0625	0.0
0.016666666666666666	0.049999999999999996
0.125	0.025
0.0225	0.1625
0.0	0.0
0.0	0.0
0	0
0	0
0.037500000000000006	0.0125
0.1625	0.0125
0.0	0.0
0.0	0.0
0.0	0.0
0.005	0.0
0.0	0.0
0.025000000000000005	0.008333333333333333
0.0125	0.0
0	0
0.05	0.0125
0	0
0.049999999999999996	0.0
0	0
0	0
0.0625	0.0125
0.0125	0.0
0.0	0.0
0.059375	0.0
0.025000000000000005	0.016666666666666666
0.05	0.025
0	0
0.0375	0.004166666666666667
0.0875	0.0
0	0
0.1375	0.1375
0	0
0.037500000000000006	0.0125
0.0	0.0
0	0
0.05416666666666667	0.0
0	0
0.025	0.0
0.125	0.05
0	0
0.02	0.01
0.0	0.0
0.05	0.025
0	0
0	0
0	0
0.0	0.0
0.0625	0.21250000000000002
0.0125	0.0
0.0	0.0
0.041666666666666664	0.1416666666666667
0.056249999999999994	0.00625
0.016666666666666666	0.0
0.0	0.0
0.025	0.0
0.01	0.03
0.029166666666666664	0.014583333333333332
0.0	0.0
0.05	0.0
0	0
0.0	0.05
0.05	0.025
0	0
0.049999999999999996	0.008333333333333333
0.01	0.155
0.0	0.0
0.037500000000000006	0.0
0	0
0.05	0.025
0.016666666666666666	0.008333333333333333
0.05	0.025
0.0	0.0
0.05	0.05
0.075	0.05
0.0	0.0
0.037500000000000006	0.04375
0	0
0.09166666666666667	0.041666666666666664
0.06964285714285715	0.0071428571428571435
0.054166666666666675	0.012500000000000002
0	0
0	0
0	0
0.0125	0.0
0.08333333333333333	0.0
0.041666666666666664	0.016666666666666666
0.014285714285714287	0.014285714285714287
0.0	0.0
0.05	0.025
0	0
0.025	0.0125
0	0
0.16666666666666666	0.0
0.025	0.0
0.0875	0.0
0.04375	0.018750000000000003
0	0
0	0
0.05	0.025
0.041249999999999995	0.005
0	0
0.6	0.025
0.05833333333333333	0.02708333333333333
0.05714285714285715	0.02142857142857143
0	0
0.049999999999999996	0.0
0.0625	0.0
0.0	0.0
0.045	0.005
0.0	0.15
0	0
0.03125	0.125
0.05	0.025
0.01	0.09
0.0	0.0
0	0
0.0625	0.0
0.046875	0.0
0	0
0	0
0.025000000000000005	0.008333333333333333
0	0
0	0
0.016666666666666666	0.0
0	0
0.016666666666666666	0.0
0.0	0.0
0.05	0.025
0	0
0.15	0.1375
0.075	0.011666666666666665
0.10625000000000001	0.03125
0.025	0.075
0.0	0.0
0.0	0.0
0	0
0.15416666666666667	0.020833333333333332
0	0
0.04166666666666666	0.030555555555555558
0.0	0.0
0.025	0.0
0.043750000000000004	0.07291666666666667
0	0
0	0
0	0
0.025	0.075
0.0625	0.0375
0	0
0	0
0.05	0.025
0.0	0.0
0.05	0.025
0.024999999999999998	0.15416666666666667
0.17500000000000002	0.0
0.0125	0.0
0	0
0.03125	0.00625
0.0	0.025
0.053906249999999996	0.013281250000000001
0.037500000000000006	0.0125
0	0
0	0
0.0	0.0
0	0
0	0
0.0	0.052083333333333336
0.025	0.0
0	0
0	0
0	0
0.041666666666666664	0.008333333333333333
0.0	0.0
0.0	0.0
0.05	0.025
0.037500000000000006	0.0125
0.025	0.03125
0.0125	0.0
0	0
0.0	0.0
0.07125000000000001	0.14125000000000001
0.0	0.0
0.025	0.0
0	0
0.1	0.0
0.0125	0.0
0.08958333333333333	0.00625
0	0
0	0
0	0
0.15	0.0
0	0
0.03125	0.0
0.025	0.0125
0.0625	0.008333333333333333
0.027777777777777776	0.011111111111111112
0.0	0.0
0	0
0	0
0.025	0.0125
0.0875	0.0
0	0
0	0
0.0	0.0
0	0
0	0
0	0
0.0	0.0
0.025	0.075
0.0125	0.0125
0.1375	0.0625
0.025000000000000005	0.008333333333333333
0.09999999999999999	0.049999999999999996
0.0	0.0
0.0125	0.025
0.0	0.0
0.016666666666666666	0.008333333333333333
0.025	0.0
0.025	0.03125
0.09999999999999999	0.0
0.0	0.0
0.20625000000000002	0.0
0.025000000000000005	0.029166666666666664
0.0875	0.05
0.0375	0.004166666666666667
0.0	0.0
0.06666666666666667	0.0
0.09166666666666667	0.0
0.0	0.0
0	0
0.03333333333333333	0.016666666666666666
0	0
0.08125	0.03125
0	0
0.05833333333333333	0.0
0.058750000000000004	0.025416666666666664
0.025	0.0125
0	0
0	0
0.0	0.0
0.0	0.0
0	0
0.09166666666666667	0.075
0.10833333333333334	0.049999999999999996
0.05390625	0.01484375
0.15781250000000002	0.0078125
0.075	0.0
0.025	0.009375000000000001
0	0
0	0
0.06875	0.05
0.008333333333333335	0.011111111111111112
0.041666666666666664	0.05000000000000001
0.049999999999999996	0.08333333333333333
0.024999999999999998	0.024999999999999998
0	0
0.0	0.0
0.07395833333333333	0.09895833333333333
0.0	0.0
0.028571428571428574	0.010714285714285716
0.025	0.0125
0.06666666666666667	0.008333333333333333
0.025000000000000005	0.008333333333333333
0.0638888888888889	0.005555555555555556
0.025	0.0125
0.0	0.0
0	0
0.075	0.034999999999999996
0.008333333333333333	0.0
0.010714285714285716	0.0035714285714285718
0	0
0.025	0.00625
0.025000000000000005	0.01875
0	0
0.016666666666666666	0.008333333333333333
0.05357142857142857	0.024999999999999998
0.052777777777777785	0.025
0.0203125	0.0
0.10277777777777779	0.016666666666666666
0.05	0.0
0.016666666666666666	0.008333333333333333
0.0	0.0
0	0
0.05000000000000001	0.12500000000000003
0.15833333333333335	0.041666666666666664
0	0
0	0
0	0
0.016666666666666666	0.0
0	0
0.016666666666666666	0.008333333333333333
0.016666666666666666	0.0
0.0	0.0
0.025000000000000005	0.0
0.05	0.0
0.0	0.0
0.0	0.0
0.0	0.1
0.0375	0.0
0	0
0.05000000000000001	0.008333333333333333
0.05000000000000001	0.016666666666666666
0.025	0.05
0	0
0	0
0	0
0.031818181818181815	0.006818181818181818
0.05	0.025
0.05	0.025
0.0	0.0
0.0	0.0
0.1	0.0
0.016666666666666666	0.0
0.05	0.025
0.030000000000000006	0.01
0.12125	0.028749999999999998
0	0
0.05000000000000001	0.016666666666666666
0.030000000000000006	0.015000000000000003
0.01875	0.006250000000000001
0	0
0.03333333333333333	0.0
0.008333333333333333	0.0
0.018750000000000003	0.0125
0.0	0.0
0	0
0	0
0	0
0	0
0	0
0.0	0.0
0.1	0.225
0.0	0.0
0.1	0.0
0.05	0.025
0.025	0.0
0.0375	0.15416666666666667
0	0
0.0	0.0
0.025	0.0
0.00625	0.125
0.025000000000000005	0.0
0.0	0.0
0.008333333333333333	0.024999999999999998
0.075	0.024999999999999998
0.03333333333333333	0.008333333333333333
0.0125	0.0
0	0
0	0
0.037500000000000006	0.0125
0.0	0.0
0.075	0.0125
0	0
0	0
0.025000000000000005	0.008333333333333333
0.0375	0.0
0.025	0.0
0.03333333333333333	0.016666666666666666
0.0	0.0
0.0	0.052083333333333336
0	0
0	0
0.05	0.025
0.05000000000000001	0.025000000000000005
0.03333333333333333	0.13333333333333333
0.05	0.025
0.05	0.025
0.05	0.025
0.05	0.025
0.02	0.03
0	0
0.05	0.025
0.0	0.0
0.025000000000000005	0.041666666666666664
0	0
0.05	0.0
0.0	0.0
0.0	0.0
0	0
0.05	0.025
0	0
0	0
0.05000000000000001	0.03333333333333333
0.009375000000000001	0.14375
0.05	0.025
0.0125	0.016666666666666666
0.09999999999999999	0.0
0.025	0.0
0.08750000000000001	0.0
0.018750000000000003	0.00625
0.08402777777777778	0.019444444444444445
0.0	0.0
0	0
0.043333333333333335	0.01
0.025	0.0125
0	0
0.041666666666666664	0.008333333333333333
0	0
0	0
0	0
0.05	0.05
0.05	0.0375
0	0
0	0
0	0
0.0125	0.0375
0.0125	0.0
0.025000000000000005	0.024999999999999998
0	0
0.0	0.0
0	0
0	0
0.325	0.0
0.03125	0.0125
0.037500000000000006	0.0125
0.05	0.025
0	0
0.0	0.0
0.0	0.0
0.025	0.025
0	0
0	0
0.037500000000000006	0.00625
0.0125	0.0
0.00625	0.0
0	0
0.016666666666666666	0.0
0.09166666666666667	0.05833333333333333
0.0	0.0
0	0
0.05	0.025
0.0	0.05
0.014285714285714287	0.013095238095238096
0	0
0.0	0.0
0.0625	0.0
0.025	0.0
0.04375	0.28125
0	0
0.03888888888888889	0.011111111111111112
0.016666666666666666	0.075
0	0
0	0
0.25	0.1875
0.0	0.0
0	0
0	0
0	0
0	0
0.05000000000000001	0.049999999999999996
0.05	0.0125
0.025	0.0125
0.025	0.0
0	0
0	0
0.0	0.0
0.0	0.0
0.025000000000000005	0.008333333333333333
0	0
0.03571428571428571	0.0035714285714285718
0.075	0.0
0.04583333333333334	0.0125
0.0	0.0
0.06666666666666667	0.008333333333333333
0.02	0.03
0.05892857142857143	0.06785714285714287
0.103125	0.046875
0.15625	0.09375
0.013333333333333332	0.005000000000000001
0.0	0.0
0.008333333333333333	0.0
0.01	0.01
0.0	0.0
0	0
0.016666666666666666	0.0
0.08125	0.00625
0.008333333333333333	0.008333333333333333
0	0
0.03333333333333333	0.008333333333333333
0.0	0.0
0	0
0.0	0.0
0.0	0.0
0.0	0.0
0.0	0.0
0.0	0.0
0.125	0.15625
0.025000000000000005	0.008333333333333333
0.05	0.025
0.025	0.0
0.0	0.0
0	0
0	0
0.1375	0.0
0.28125	0.03125
0.1	0.05
0.0125	0.0375
0.008333333333333333	0.0
0.075	0.0
0.0	0.05
0.037500000000000006	0.0125
0	0
0	0
0	0
0.0880952380952381	0.03928571428571429
0	0
0.05	0.025
0.037500000000000006	0.008333333333333333
0.05	0.0
0	0
0	0
0.025	0.00625
0	0
0.05	0.025
0.0875	0.0
0	0
0	0
0	0
0	0
0	0
0.0	0.0
0	0
0.10000000000000002	0.041666666666666664
0.0	0.0
0.037500000000000006	0.0125
0.1375	0.0625
0.0125	0.0
0.025000000000000005	0.0
0.041666666666666664	0.0
0.0	0.016666666666666666
0	0
0.0	0.0
0.041666666666666664	0.004166666666666667
0.037500000000000006	0.026388888888888892
0.10416666666666667	0.06666666666666667
0.030000000000000006	0.1
0.0125	0.11562499999999999
0.13333333333333333	0.0
0	0
0	0
0.016666666666666666	0.025000000000000005
0.013636363636363636	0.030681818181818185
0	0
0.15625	0.0375
0.05	0.0125
0.05	0.025
0	0
0.10833333333333334	0.016666666666666666
0	0
0.0	0.0
0	0
0	0
0.037500000000000006	0.0
0.075	0.0375
0.025	0.0
0	0
0.0	0.0
0.0	0.0
0	0
0.0	0.0
0.05833333333333333	0.0
0.0	0.0
0.0375	0.0625
0	0
0.0	0.025
0.008333333333333333	0.0
0.07083333333333335	0.07291666666666667
0.0	0.05
0	0
0	0
0.0	0.0
0.0	0.0
0	0
0.275	0.0
0.0	0.1
0.018750000000000003	0.0
0	0
0.008333333333333333	0.0
0	0
0	0
0.018750000000000003	0.00625
0.008333333333333333	0.0
0	0
0.05	0.025
0	0
0.04375	0.0125
0	0
0.045	0.0
0	0
0.025	0.0
0	0
0.0	0.0
0.15	0.0625
0	0
0.0	0.0
0.0	0.0
0.0071428571428571435	0.0
0	0
0.05	0.025
0.0	0.0
0	0
0	0
0.025	0.0
0.008333333333333333	0.024999999999999998
0.05	0.00625
0	0
0.07916666666666666	0.23750000000000002
0	0
0.025	0.0
0.025	0.0
0	0
0	0
0.1125	0.0
0	0
0.075	0.0
0	0
0.025000000000000005	0.0
0.1375	0.00625
0	0
0.04583333333333334	0.0
0.008333333333333333	0.0
0.2875	0.00625
0.024999999999999998	0.013636363636363636
0.0	0.0
0.125	0.0
0	0
0.05	0.025
0.0	0.0
0.0	0.0
0.0	0.0
0.030000000000000006	0.005
0.025	0.0
0.025	0.0
0.0	0.0
0	0
0	0
0	0
0.0	0.013888888888888888
0.025000000000000005	0.008333333333333333
0.025000000000000005	0.008333333333333333
0	0
0.025	0.0125
0	0
0	0
0.0	0.15
0	0
0	0
0.025	0.0
0.0	0.0
0.025	0.0
0.025	0.0
0.052272727272727276	0.00681818181818182
0	0
0	0
0	0
0.0	0.0125
0.0	0.0
0.037500000000000006	0.0
0.15	0.0
0.125	0.008333333333333333
0.0125	0.0
0.0	0.0
0	0
0	0
0.037500000000000006	0.0375
0.025	0.0125
0.0	0.0
0.0125	0.0
0.0	0.0
0.05	0.0375
0	0
0.02916666666666667	0.004166666666666667
0	0
0	0
0.0	0.0
0.025	0.0125
0.05	0.025
0.041666666666666664	0.0
0.05	0.025
0	0
0	0
0	0
0.03333333333333333	0.03333333333333333
0.025	0.0
0.05	0.025
0.0	0.0
0.275	0.0
0	0
0	0
0	0
0.0125	0.0
0	0
0.0125	0.0125
0.0	0.0
0.025	0.041666666666666664
0.015000000000000003	0.005
0	0
0.037500000000000006	0.004166666666666667
0.02916666666666667	0.020833333333333332
0	0
0.05	0.025
0.061250000000000006	0.01875
0.025	0.0125
0	0
0.0625	0.0
0.0125	0.0
0.0625	0.0625
0	0
0.02	0.030000000000000006
0	0
0.046875	0.0
0	0
0	0
0.05	0.05
0	0
0.018750000000000003	0.00625
0.0125	0.0
0	0
0.025	0.0
0.03333333333333333	0.0
0.025	0.0
0	0
0.08124999999999999	0.0
0.05	0.075
0.05	0.025
0	0
0.1125	0.008333333333333333
0.0125	0.08125
0.0	0.0
0.03333333333333333	0.016666666666666666
0.05625	0.0
0.0	0.0
0.05	0.0
0.075	0.15
0	0
0.04107142857142858	0.016071428571428573
0	0
0	0
0.16666666666666666	0.016666666666666666
0.025000000000000005	0.0
0.037500000000000006	0.0
0.04	0.005
0.05	0.025
0.0	0.0
0.028125	0.00625
0	0
0.041666666666666664	0.07916666666666666
0.037500000000000006	0.0125
0.008333333333333333	0.0
0.008333333333333333	0.0
0.05	0.0125
0.0	0.0
0.0875	0.0
0.025	0.0
0.20833333333333334	0.016666666666666666
0.0	0.0
0	0
0.025	0.0
0.0	0.0
0.05	0.2
0.09166666666666667	0.041666666666666664
0.025	0.0
0.025000000000000005	0.008333333333333333
0	0
0	0
0.0	0.0
0	0
0	0
0.0	0.0
0	0
0.0125	0.0
0.05	0.025
0.0125	0.00625
0	0
0.025	0.0
0.075	0.325
0.01125	0.0
0	0
0.0	0.0
0.041666666666666664	0.075
0	0
0.025	0.0125
0.0	0.0
0.025	0.0
0.0	0.0
0.0	0.0
0.00625	0.03125
0	0
0.008333333333333333	0.03333333333333333
0.0125	0.0
0.037500000000000006	0.0125
0.05	0.025
0.02	0.0
0.05	0.025
0	0
0.02	0.005
0.0125	0.00625
0.0	0.0
0.016666666666666666	0.016666666666666666
0	0
0	0
0.025	0.0125
0.034375	0.0
0.021428571428571432	0.0071428571428571435
0.034374999999999996	0.0125
0.025	0.0125
0	0
0.05	0.0
0	0
0.037500000000000006	0.0
0	0
0.05	0.025
0.056249999999999994	0.0
0.028125	0.09375
0.028571428571428574	0.014285714285714287
0	0
0.03333333333333333	0.049999999999999996
0.025	0.0
0.040624999999999994	0.009375000000000001
0.0	0.0
0.05	0.025
0.025000000000000005	0.0
0.0125	0.0
0.0	0.1125
0	0
0.034375	0.035416666666666666
0.0	0.5625
0.05	0.025
0.0625	0.037500000000000006
0.025	0.0
0.03333333333333333	0.016666666666666666
0	0
0.1375	0.0625
0.05	0.025
0.03214285714285714	0.010714285714285714
0.0	0.0
0.0	0.0
0	0
0.025	0.0
0.06249999999999999	0.0375
0.04	0.11000000000000001
0.1	0.05
0.025	0.075
0.025000000000000005	0.0
0	0
0.0125	0.0
0.05	0.0
0	0
0.0	0.0
0.07999999999999999	0.02
0.04	0.005
0.025	0.0
0	0
0.0625	0.0125
0	0
0	0
0.0	0.0
0.045	0.005
0.075	0.2
0.05	0.025
0.0375	0.0125
0	0
0.05555555555555555	0.0
0.03125	0.0
0.125	0.0
0.025	0.0
0.0	0.0
0.0	0.0
0.125	0.0
0.0375	0.024999999999999998
0	0
0.0	0.1
0.025	0.025
0.038636363636363635	0.031818181818181815
0.0	0.0
0.0	0.175
0	0
0.0375	0.0125
0.15000000000000002	0.0
0.049999999999999996	0.00625
0.024999999999999998	0.008333333333333333
0.05	0.09
0	0
0.15	0.0
0	0
0	0
0.0	0.075
0	0
0.0	0.0
0	0
0.016666666666666666	0.024999999999999998
0.03333333333333333	0.008333333333333333
0	0
0.0	0.0
0.025	0.0
0	0
0	0
0	0
0.046875	0.046875
0.04375	0.125
0	0
0.020833333333333332	0.020833333333333332
0	0
0.046875000000000014	0.026562500000000003
0.025	0.0125
0.018750000000000003	0.03125
0.04375	0.05
0.0	0.0
0.0375	0.0625
0.0875	0.0125
0.0125	0.010416666666666666
0.08020833333333334	0.005208333333333333
0	0
0.025	0.0125
0.075	0.1
0.0	0.05
0.020833333333333332	0.020833333333333332
0.02142857142857143	0.010714285714285716
0.0	0.025
0.0625	0.0
0.08928571428571429	0.0035714285714285718
0.10833333333333334	0.0
0.0	0.0
0.12083333333333333	0.00625
0.025	0.0
0.05	0.025
0.10833333333333334	0.10000000000000002
0.07916666666666668	0.05000000000000001
0.0125	0.0
0	0
0.06666666666666667	0.0
0.0	0.0
0	0
0.018750000000000003	0.0
0.027678571428571424	0.027678571428571424
0.1046875	0.1859375
0	0
0.0	0.0
0.05000000000000001	0.016666666666666666
0.05	0.025
0.0375	0.0
0.024999999999999998	0.016666666666666666
0.025	0.025
0.016666666666666666	0.008333333333333333
0.028571428571428574	0.014285714285714287
0.05	0.025
0.025	0.075
0.05	0.025
0.05	0.025
0	0
0.09375	0.0
0.025	0.0
0.15	0.0
0	0
0.05	0.025
0.05	0.025
0	0
0	0
0.05	0.05
0.0	0.0
0.05	0.037500000000000006
0.05500000000000001	0.0
0.05416666666666667	0.008333333333333333
0.08333333333333333	0.04583333333333334
0.045	0.0
0	0
0.05	0.025
0.049999999999999996	0.15
0.05	0.025
0.04	0.005
0.0	0.0
0.00625	0.0625
0	0
0.05	0.0
0.008333333333333333	0.0
0.0375	0.0375
0.041666666666666664	0.03333333333333333
0.05	0.025
0	0
0.03333333333333333	0.008333333333333333
0.10375000000000001	0.03375
0.05000000000000001	0.008333333333333333
0.0	0.0
0.05	0.0375
0.0875	0.0
0.05833333333333333	0.0
0.025	0.025
0.0	0.025
0	0
0	0
0.024999999999999998	0.016666666666666666
0	0
0.05500000000000001	0.02
0.0	0.0
0.025	0.01
0	0
0.025	0.0
0.0125	0.0
0	0
0.075	0.0
0.059375	0.125
0.0375	0.1525
0.025	0.0
0.24583333333333335	0.029166666666666664
0.1578125	0.0203125
0	0
0	0
0.0625	0.004166666666666667
0.0975	0.0775
0.075	0.025
0.0	0.0
0.008333333333333333	0.008333333333333333
0.025	0.0125
0.025	0.0125
0.05	0.025
0.025	0.0
0	0
0.05	0.0
0.0	0.0
0.1	0.0
0.025	0.075
0.025	0.0
0	0
0.05	0.0
0.1125	0.025
0.01875	0.003125
0.11666666666666668	0.0
0.014285714285714287	0.017857142857142856
0.0625	0.0
0.037500000000000006	0.0125
0.016666666666666666	0.008333333333333333
0.0	0.05
0	0
0.05	0.025
0.10104166666666668	0.005208333333333333
0	0
0	0
0	0
0.025	0.0
0.039705882352941195	0.06470588235294117
0.060576923076923084	0.04423076923076923
0	0
0.0125	0.0
0.0	0.0
0.0	0.05
0.0	0.0
0.0375	0.004166666666666667
0.0	0.0
0	0
0.0375	0.025
0.0	0.0
0	0
0.008333333333333333	0.0
0.0	0.0
0	0
0.05833333333333334	0.008333333333333333
0.0	0.0
0.0	0.0
0.05	0.025
0.08333333333333333	0.041666666666666664
0.037500000000000006	0.0125
0.05	0.05
0.0	0.0
0.0	0.0
0	0
0	0
0	0
0	0
0.0	0.0
0.0	0.0
0	0
0.01	0.08
0.025	0.0
0.0	0.0
0.016666666666666666	0.13333333333333333
0.0	0.008333333333333333
0.28125	0.03125
0.03333333333333333	0.016666666666666666
0.25	0.075
0.025	0.02
0.15	0.0
0	0
0.075	0.125
0.0	0.0
0.0	0.0
0.041666666666666664	0.012500000000000002
0.08125	0.07500000000000001
0.0625	0.03125
0.05	0.025
0.049999999999999996	0.06666666666666667
0	0
0.06875	0.03125
0.05	0.0
0	0
0.0125	0.0
0.0	0.0
0.08125	0.008333333333333333
0.0	0.125
0.06666666666666667	0.049999999999999996
0	0
0	0
0.075	0.05
0.05	0.025
0	0
0	0
0.0	0.0
0.025	0.0125
0.025000000000000005	0.0
0.0	0.0
0.0	0.0
0.016666666666666666	0.0
0	0
0.025	0.0
0.05	0.018750000000000003
0.025	0.0125
0.021428571428571432	0.0035714285714285718
0.05	0.125
0.125	0.025
0.021428571428571432	0.0071428571428571435
0.0	0.0
0.05	0.025
0	0
0.057291666666666664	0.016666666666666666
0.0125	0.0
0.0	0.0
0.0375	0.02142857142857143
0.0	0.0
0.0	0.0
0	0
0.0	0.025
0.05	0.025
0.0	0.0
0.0	0.0
0	0
0.0	0.0
0.05	0.0
0.06666666666666667	0.0
0.03333333333333333	0.025000000000000005
0.016666666666666666	0.0
0.07625	0.00625
0.08750000000000001	0.0
0.1	0.1125
0.05000000000000001	0.09166666666666667
0.04	0.02
0.10625	0.0
0	0
0.05	0.025
0	0
0	0
0.0	0.0
0.0	0.0
0	0
0.0125	0.1
0.0	0.0
0.05	0.025
0	0
0.05	0.025
0.025	0.0
0.0	0.0
0.0	0.0
0.05	0.025
0	0
0.05	0.025
0	0
0.03333333333333333	0.008333333333333333
0.025	0.0125
0.0	0.0
0.025	0.09375
0.05	0.0625
0.0	0.0
0.0	0.0
0.08333333333333333	0.041666666666666664
0.025000000000000005	0.03333333333333333
0.025	0.005
0	0
0.025	0.0
0.025	0.0125
0.0	0.0
0	0
0.0	0.0
0.07500000000000001	0.005
0.1125	0.025
0.016666666666666666	0.0
0	0
0.125	0.1125
0.275	0.0
0	0
0.025	0.0
0	0
0.0	0.025
0.025000000000000005	0.0
0.05	0.025
0	0
0.008333333333333333	0.0
0.0375	0.02
0	0
0.025000000000000005	0.008333333333333333
0.0	0.0
0.05	0.0
0	0
0.016666666666666666	0.008333333333333333
0	0
0	0
0	0
0.016666666666666666	0.008333333333333333
0.0	0.0
0.05555555555555555	0.03333333333333333
0	0
0.05	0.025
0.05	0.025
0.030357142857142857	0.03392857142857143
0.034375	0.009375000000000001
0.0375	0.0125
0	0
0.0375	0.0625
0.0	0.0
0.0	0.0
0.0	0.0
0	0
0.05	0.4
0.0	0.0
0	0
0.0	0.0
0.06944444444444446	0.058333333333333334
0.0125	0.05
0.0125	0.0
0.056249999999999994	0.00625
0.025	0.0125
0.0	0.0
0.08020833333333333	0.017708333333333333
0	0
0.025	0.0125
0.025	0.0125
0	0
0.025	0.0
0	0
0.037500000000000006	0.0125
0.0	0.0
0.037500000000000006	0.043750000000000004
0	0
0.05	0.025
0.025	0.0
0.05357142857142857	0.060714285714285714
0.025	0.0
0.06666666666666667	0.03333333333333333
0.00625	0.0
0	0
0.05	0.0
0.03125	0.09375
0	0
0	0
0	0
0	0
0	0
0	0
0.0125	0.00625
0.09166666666666667	0.041666666666666664
0.05	0.0
0	0
0.05	0.0
0.10833333333333334	0.08333333333333333
0.0	0.0
0.075	0.0
0.0	0.0
0.05	0.025
0.019444444444444445	0.030555555555555558
0.07222222222222223	0.030555555555555558
0.05	0.025
0	0
0	0
0.05	0.025
0.0125	0.0
0	0
0.05	0.025
0.0875	0.05
0.025	0.0125
0.025	0.0
0.016666666666666666	0.06666666666666667
0.0	0.0
0	0
0.025000000000000005	0.0
0.05	0.025
0.025	0.0
0.05833333333333334	0.0
0.01	0.0
0	0
0	0
0	0
0.05	0.025
0.05	0.0
0.02	0.015
0.0375	0.03125
0.0	0.025
0.04375	0.28125
0.016666666666666666	0.0
0.0	0.05
0.0	0.0
0.0	0.008333333333333333
0.025000000000000005	0.008333333333333333
0.025000000000000005	0.0
0	0
0	0
0.0	0.0
0	0
0.0625	0.0
0.0125	0.0
0.0	0.0
0.05000000000000001	0.008333333333333333
0.05	0.025
0	0
0.025	0.0
0.0	0.075
0	0
0.03333333333333333	0.0
0.05	0.025
0.03333333333333333	0.016666666666666666
0	0
0.025	0.0
0	0
0.0	0.0
0.05	0.05
0.10000000000000002	0.041666666666666664
0.09375	0.0
0	0
0.05	0.025
0.0	0.0
0.0	0.0
0.05	0.025
0.025	0.0
0.05	0.025
0.056249999999999994	0.0
0.027083333333333334	0.0
0.075	0.0
0	0
0	0
0.05	0.125
0.05	0.025
0	0
0.03333333333333333	0.0
0.065	0.034999999999999996
0.0	0.0
0.0625	0.025
0.008333333333333333	0.0
0	0
0.015000000000000003	0.0
0.025000000000000005	0.004166666666666667
0.0	0.0
0	0
0.0	0.0
0.05	0.025
0.03125	0.125
0	0
0	0
0	0
0.025	0.0
0.049999999999999996	0.06666666666666667
0	0
0.05	0.025
0.0	0.0
0.0	0.0
0.0	0.0
0	0
0.0	0.225
0.037500000000000006	0.0125
0.035	0.030000000000000006
0.17500000000000002	0.08333333333333333
0	0
0.275	0.2
0.025	0.00625
0	0
0.05	0.025
0	0
0	0
0.025	0.0125
0.025	0.0
0.05000000000000001	0.008333333333333333
0.30625	0.0125
0.043750000000000004	0.0125
0.0	0.0
0.037500000000000006	0.0
0.0	0.0
0.05	0.025
0	0
0.05	0.025
0.0125	0.0375
0.05	0.0
0.0	0.0
0	0
0.025	0.0375
0.0	0.0
0.025	0.0125
0.025	0.0
0	0
0	0
0.0	0.0
0.0	0.0625
0.0375	0.025
0	0
0	0
0.05	0.025
0.016666666666666666	0.024999999999999998
0	0
0.0	0.0
0	0
0.025	0.0125
0.05	0.025
0.075	0.0
0.040625	0.01875
0.025000000000000005	0.008333333333333333
0.15	0.0
0.0125	0.0
0	0
0	0
0.017857142857142856	0.013095238095238096
0.0	0.075
0.025	0.0125
0.0	0.0
0.07500000000000001	0.05
0.016666666666666666	0.008333333333333333
0.05	0.025
0.0	0.0
0.05	0.025
0.025	0.0
0.0	0.0
0	0
0.18	0.034999999999999996
0.05	0.025
0.0	0.0
0.0	0.0
0.0	0.0
0	0
0.05	0.025
0.05	0.025
0.05	0.00625
0.032589285714285716	0.02366071428571429
0.275	0.275
0.037500000000000006	0.0125
0.03125	0.28125
0	0
0.025000000000000005	0.0
0.052083333333333336	0.075
0.0	0.0
0.05	0.024999999999999998
0.03928571428571429	0.0
0.03125	0.0
0.0225	0.3
0.041666666666666664	0.008333333333333333
0.0	0.0
0.05	0.025
0.03333333333333333	0.008333333333333333
0.025	0.0
0.0	0.1
0.025	0.05625
0.025	0.0
0	0
0.06666666666666667	0.0
0.0	0.0
0	0
0	0
0.075	0.05
0.020833333333333332	0.008333333333333333
0	0
0.0625	0.0125
0.05833333333333333	0.0
0.025	0.0
0.025000000000000005	0.008333333333333333
0.025	0.0
0	0
0.013888888888888888	0.04722222222222223
0.0125	0.0
0.05833333333333333	0.052083333333333336
0.0	0.0
0.06666666666666667	0.0
0.095	0.05500000000000001
0.037500000000000006	0.1125
0.0	0.0
0.025	0.0
0.07708333333333334	0.0125
0	0
0.025	0.0
0	0
0	0
0	0
0.016666666666666666	0.05000000000000001
0.049999999999999996	0.0
0	0
0.05	0.025
0	0
0.0	0.0
0.016666666666666666	0.041666666666666664
0.05	0.025
0.025	0.00625
0	0
0.0	0.1
0.05	0.025
0	0
0.05833333333333333	0.008333333333333333
0.025	0.0
0.175	0.075
0	0
0	0
0	0
0	0
0.0	0.0
0.03125	0.00625
0	0
0	0
0.0125	0.0
0.05	0.025
0.0375	0.0875
0.025000000000000005	0.05833333333333333
0.025000000000000005	0.008333333333333333
0.05	0.025
0.0	0.0
0.025	0.0125
0	0
0.0	0.025
0.037500000000000006	0.0125
0	0
0	0
0.015000000000000003	0.01
0.05	0.025
0.025	0.0
0.025	0.0
0.05	0.025
0.034375	0.018750000000000003
0	0
0.0625	0.0125
0	0
0.05	0.0
0	0
0	0
0.0	0.0
0.15	0.0
0.035	0.01
0.1125	0.041666666666666664
0.045	0.015000000000000003
0	0
0	0
0	0
0.025	0.0
0.045	0.01
0.03333333333333333	0.05833333333333333
0.008333333333333333	0.008333333333333333
0.17500000000000002	0.0
0.03	0.01
0.016666666666666666	0.008333333333333333
0.05	0.0
0.00625	0.0
0.05	0.025
0.10416666666666667	0.0
0.025	0.0
0	0
0.0	0.0
0.0	0.0
0	0
0.037500000000000006	0.0
0	0
0.0	0.0
0.0	0.025
0	0
0.0	0.0
0.0125	0.0
0.0125	0.0
0.05	0.025
0.041666666666666664	0.025000000000000005
0.027777777777777776	0.03888888888888889
0.025	0.0
0.03333333333333333	0.0
0.00625	0.0
0.05208333333333334	0.02291666666666667
0.075	0.03214285714285714
0.0	0.0
0.0	0.0
0	0
0.01	0.005
0.008333333333333333	0.0
0.075	0.0
0	0
0	0
0.024999999999999998	0.02142857142857143
0.008333333333333333	0.0
0.15	0.0
0.075	0.0
0	0
0.05833333333333335	0.012499999999999999
0	0
0.0	0.041666666666666664
0.0125	0.0
0	0
0.0	0.025
0	0
0	0
0	0
0.0375	0.0
0.04375	0.0
0.020833333333333332	0.0125
0.0	0.0
0.075	0.0
0.0	0.0
0	0
0.075	0.024999999999999998
0.05	0.025
0.1	0.0125
0.03333333333333333	0.016666666666666666
0.0375	0.028124999999999997
0.025	0.01
0.07916666666666666	0.09999999999999999
0.05833333333333333	0.0
0.0	0.0
0.05833333333333333	0.0
0.0375	0.004166666666666667
0	0
0.07500000000000001	0.0
0.0	0.075
0	0
0.016666666666666666	0.0
0	0
0.039999999999999994	0.05
0	0
0.025	0.0
0	0
0.03125	0.03125
0.008333333333333333	0.0
0.037500000000000006	0.0125
0.03125	0.03125
0.025000000000000005	0.0
0.041666666666666664	0.025000000000000005
0.037500000000000006	0.00625
0.025000000000000005	0.0
0.043750000000000004	0.034375
0	0
0.016666666666666666	0.008333333333333333
0.10000000000000002	0.041666666666666664
0	0
0.03214285714285714	0.014285714285714285
0.06	0.01
0.0125	0.0
0.03125	0.0125
0.0125	0.0
0.05	0.025
0	0
0	0
0.042857142857142864	0.0
0.021875000000000002	0.015625
0.0	0.0
0.019444444444444445	0.0
0	0
0	0
0.06874999999999999	0.03958333333333333
0	0
0.0	0.0
0.06874999999999999	0.07500000000000001
0.06875	0.025
0.049999999999999996	0.0071428571428571435
0.08750000000000001	0.0
0.03214285714285714	0.014285714285714287
0.05468750000000001	0.037500000000000006
0.025	0.0
0.05	0.025
0.0125	0.025
0	0
0.05	0.025
0.01	0.005
0.0	0.0
0.1125	0.075
0	0
0.048529411764705876	0.03382352941176471
0	0
0.037500000000000006	0.0125
0	0
0.025000000000000005	0.016666666666666666
0.15	0.075
0	0
0.018750000000000003	0.0
0	0
0.05	0.0
0.04	0.02
0.0890625	0.11953124999999999
0.015000000000000003	0.0
0.025	0.075
0.28125	0.03125
0.07857142857142858	0.049999999999999996
0.12187500000000001	0.03125
0.037500000000000006	0.05
0.043750000000000004	0.012499999999999999
0	0
0.025	0.0
0.034375	0.028125
0.0	0.1
0.025	0.0
0.025000000000000005	0.008333333333333333
0	0
0.0	0.0
0	0
0.0625	0.025
0.049999999999999996	0.014285714285714287
0.025	0.0
0.05833333333333333	0.0
0.090625	0.0625
0.075	0.0
0	0
0.008333333333333333	0.016666666666666666
0.2	0.0
0	0
0.1	0.0
0	0
0.025	0.0625
0.0125	0.03125
0	0
0.09583333333333333	0.0
0	0
0.0	0.0
0	0
0.025	0.0
0.05	0.025
0.045	0.005
0.05	0.025
0.041666666666666664	0.029166666666666664
0	0
0	0
0.018750000000000003	0.00625
0	0
0.025	0.0
0.016666666666666666	0.0
0	0
0.0125	0.025
0.08333333333333333	0.008333333333333333
0.025	0.0125
0.0642857142857143	0.010714285714285716
0.05	0.0
0	0
0.0625	0.0
0.0375	0.004166666666666667
0.05625	0.0
0.09625	0.01125
0.05	0.05
0	0
0	0
0.05	0.03125
0.03611111111111112	0.008333333333333333
0.0375	0.0375
0	0
0	0
0.024999999999999998	0.002272727272727273
0.025	0.0
0	0
0.275	0.0
0	0
0.0	0.0
0.025	0.0
0.0	0.025
0.025	0.0
0	0
0	0
0	0
0.03333333333333333	0.03333333333333333
0.025	0.0
0.25	0.125
0.025	0.0
0.05	0.025
0.0	0.0
0.025000000000000005	0.0
0.056249999999999994	0.00625
0.0	0.0
0.037500000000000006	0.0
0.0	0.0
0.05	0.175
0	0
0.075	0.0
0.25	0.225
0	0
0.0	0.0
0.0	0.025
0.041666666666666664	0.0
0.031249999999999997	0.00625
0.025	0.01666666666666667
0	0
0.15	0.0
0.0125	0.0
0.016666666666666666	0.03333333333333333
0.05	0.025
0.09166666666666667	0.041666666666666664
0.03333333333333333	0.016666666666666666
0.0125	0.0
0.03863636363636364	0.002272727272727273
0.04513888888888889	0.023611111111111114
0.008333333333333333	0.0
0.0375	0.1125
0.0	0.0
0.05	0.025
0.025	0.0
0	0
0.05	0.025
0.075	0.0
0.025000000000000005	0.0
0.0125	0.0
0	0
0.040624999999999994	0.015625
0.025	0.075
0.025	0.0125
0.04	0.030000000000000006
0	0
0.016666666666666666	0.0
0	0
0.65	0.075
0	0
0	0
0.1	0.0
0.0	0.0
0	0
0	0
0.0	0.0
0.0828125	0.0078125
0	0
0.0125	0.0
0.05	0.025
0.025	0.0
0.037500000000000006	0.125
0.0125	0.125
0.05	0.025
0	0
0.05	0.025
0.05	0.0
0.05	0.025
0.05	0.0
0.018750000000000003	0.00625
0.0	0.0
0	0
0.025	0.0
0.05	0.025
0.052083333333333336	0.19791666666666666
0.025	0.0125
0.049999999999999996	0.005
0	0
0.09375	0.125
0	0
0.041666666666666664	0.016666666666666666
0.025	0.0
0.05	0.0
0.05	0.0
0.05	0.025
0.075	0.025
0	0
0.05	0.05
0.025	0.0
0	0
0	0
0.016666666666666666	0.016666666666666666
0.0	0.0
0	0
0.05	0.025
0	0
0	0
0	0
0.07500000000000001	0.0
0.025	0.0
0.05	0.05
0.034999999999999996	0.06625
0.016666666666666666	0.008333333333333333
0.052777777777777785	0.024999999999999998
0	0
0	0
0.025	0.075
0	0
0	0
0	0
0.0	0.0
0.05	0.025
0.025	0.0
0.06071428571428573	0.028571428571428574
0	0
0.0125	0.0375
0.075	0.016666666666666666
0.04375	0.0125
0.016666666666666666	0.008333333333333333
0	0
0.024999999999999998	0.06666666666666667
0.0	0.0
0.008333333333333333	0.0
0.05833333333333333	0.025000000000000005
0.07916666666666666	0.0625
0.0	0.0
0	0
0.016666666666666666	0.008333333333333333
0.05	0.025
0.07395833333333333	0.03333333333333333
0.11249999999999999	0.0625
0.0	0.0
0.043333333333333335	0.045
0.06874999999999999	0.0375
0.10500000000000001	0.0725
0.15000000000000002	0.0
0	0
0	0
0	0
0.07499999999999998	0.035
0.025	0.0625
0.034999999999999996	0.005
0.038636363636363635	0.04431818181818182
0.1125	0.052083333333333336
0	0
0.025	0.0
0.025	0.0125
0	0
0.0	0.0
0.05	0.025
0.00625	0.0
0.025000000000000005	0.016666666666666666
0.0	0.041666666666666664
0	0
0.0	0.0
0.0	0.0
0.037500000000000006	0.0125
0.057692307692307696	0.025
0.08571428571428572	0.02142857142857143
0.041666666666666664	0.016666666666666666
0	0
0	0
0.024999999999999998	0.02857142857142857
0.0125	0.0
0.025	0.0
0	0
0.0	0.0
0.025	0.0125
0.0	0.0
0.07333333333333333	0.034999999999999996
0	0
0	0
0	0
0.043750000000000004	0.00625
0.020833333333333332	0.0625
0	0
0.0	0.0
0.037500000000000006	0.0
0.025	0.0
0.05	0.025
0.025	0.0
0.05	0.037500000000000006
0.12578125	0.03515625
0	0
0.016666666666666666	0.024999999999999998
0.029166666666666664	0.0
0.0	0.0
0	0
0.0	0.0
0.05	0.025
0.0	0.0
0.05	0.025
0.0	0.0
0	0
0.025	0.0
0.0	0.0
0.0375	0.1875
0.05500000000000001	0.035
0.05	0.025
0.05	0.025
0.05	0.0
0.026136363636363635	0.08977272727272728
0.05	0.05
0.075	0.0
0.0	0.0
0	0
0.0	0.0
0	0
0.05	0.025
0.0	0.0
0.03125	0.03125
0.078125	0.0625
0.0	0.0
0.037500000000000006	0.0125
0.04791666666666666	0.004166666666666667
0	0
0.037500000000000006	0.0125
0.0	0.0
0	0
0.025	0.0
0.0125	0.0125
0	0
0.025	0.0125
0.05	0.025
0	0
0.0875	0.0
0.03333333333333333	0.008333333333333333
0	0
0.0	0.0
0	0
0.08125	0.04583333333333334
0	0
0.04375	0.0125
0	0
0.05	0.1
0.05	0.025
0.0	0.1
0.1	0.0
0.05	0.025
0.0125	0.0
0.0	0.0
0.0875	0.0
0	0
0.05	0.0
0.13541666666666666	0.008333333333333333
0.05	0.025
0	0
0.05	0.025
0.025	0.0375
0.05250000000000001	0.015000000000000003
0	0
0.09583333333333333	0.125
0.0	0.0
0.05	0.075
0.075	0.0
0	0
0	0
0	0
0	0
0.03333333333333333	0.008333333333333333
0	0
0.04583333333333334	0.008333333333333333
0	0
0	0
0.016666666666666666	0.008333333333333333
0.016666666666666666	0.03333333333333333
0.075	0.075
0.008333333333333333	0.016666666666666666
0.052083333333333336	0.010416666666666666
0.07083333333333333	0.0
0.05	0.0
0.05	0.025
0.025	0.025
0.0625	0.025
0.043750000000000004	0.0125
0	0
0.05	0.0
0.0875	0.0
0.041666666666666664	0.0
0.0	0.0
0	0
0	0
0.0	0.0
0	0
0.030000000000000006	0.11833333333333333
0	0
0	0
0.025000000000000005	0.008333333333333333
0	0
0.04285714285714286	0.03928571428571429
0.04375	0.00625
0	0
0.016666666666666666	0.0
0.0	0.025
0	0
0.0	0.025
0.0	0.0
0.025	0.0125
0.030000000000000006	0.095
0.025	0.0125
0	0
0.05000000000000001	0.0
0.025000000000000005	0.008333333333333333
0.008333333333333333	0.0
0.0	0.0
0.05625	0.018750000000000003
0	0
0	0
0.0	0.0
0.15416666666666667	0.0
0.05	0.0
0.06041666666666667	0.010416666666666666
0.11249999999999999	0.1125
0.05249999999999999	0.042499999999999996
0.09166666666666667	0.041666666666666664
0	0
0.025	0.0
0.05	0.025
0.065	0.025
0.1375	0.0625
0.025	0.0
0	0
0.0	0.0
0.049999999999999996	0.15
0.025	0.0125
0	0
0.025	0.0
0.0	0.0
0	0
0.016666666666666666	0.016666666666666666
0.06666666666666667	0.0
0	0
0	0
0	0
0.03333333333333333	0.0
0.025000000000000005	0.008333333333333333
0.034999999999999996	0.02
0	0
0	0
0.025	0.015
0	0
0.0	0.0
0	0
0	0
0	0
0.08333333333333333	0.016666666666666666
0.035	0.030000000000000006
0	0
0.0625	0.049999999999999996
0.0125	0.0
0.095	0.0075000000000000015
0.025	0.1125
0.05000000000000001	0.025000000000000005
0	0
0	0
0	0
0.075	0.075
0.05833333333333333	0.03333333333333333
0.025	0.0125
0	0
0.018750000000000003	0.04375
0	0
0.0625	0.0125
0.05	0.02
0.05833333333333333	0.008333333333333333
0.037500000000000006	0.2
0.037500000000000006	0.0125
0	0
0.025	0.0625
0.037500000000000006	0.0125
0	0
0.041249999999999995	0.0125
0.09999999999999999	0.008333333333333333
0.0125	0.0
0.075	0.2
0.041666666666666664	0.15
0.00625	0.00625
0	0
0.075	0.2
0.025	0.0
0.06874999999999999	0.15625000000000003
0.0	0.0
0.025	0.0
0.05	0.025
0.05	0.025
0.0	0.0
0.03333333333333333	0.041666666666666664
0.025	0.0125
0.025	0.0
0.05714285714285714	0.0071428571428571435
0	0
0	0
0.125	0.0
0.05	0.025
0.037500000000000006	0.03125
0	0
0	0
0.034999999999999996	0.0
0.025	0.0
0.037500000000000006	0.0
0.042499999999999996	0.0125
0	0
0.018750000000000003	0.0125
0.0125	0.0
0	0
0.01	0.01
0.0	0.0
0.13333333333333333	0.041666666666666664
0.125	0.1
0.0	0.0
0	0
0.05000000000000001	0.008333333333333333
0.05	0.025
0.0	0.0
0.07083333333333333	0.0
0.05	0.025
0.06517857142857143	0.008035714285714287
0	0
0.025	0.0
0	0
0.0	0.0
0.015625	0.03125
0.05	0.025
0.0	0.0
0.025000000000000005	0.0
0	0
0.09166666666666667	0.075
0	0
0.05	0.025
0.025	0.0
0.0125	0.0
0	0
0.03928571428571429	0.0071428571428571435
0	0
0.05	0.025
0.0125	0.0
0.125	0.05
0.025	0.0
0.025	0.0125
0.0375	0.0125
0.05500000000000001	0.02
0.0625	0.5625
0.041666666666666664	0.008333333333333333
0	0
0.05	0.0
0.037500000000000006	0.0125
0.025	0.0
0.025	0.0
0	0
0.05	0.025
0.04375	0.00625
0.10833333333333334	0.008333333333333333
0	0
0.075	0.0
0.025	0.0
0	0
0	0
0	0
0	0
0	0
0.025	0.0
0	0
0.03611111111111111	0.008333333333333335
0	0
0.10625000000000001	0.03125
0	0
0.0	0.1
0.016666666666666666	0.008333333333333333
0	0
0	0
0.05	0.025
0.029166666666666664	0.06250000000000001
0.02727272727272727	0.011363636363636364
0.016666666666666666	0.008333333333333333
0.025	0.0
0.05	0.025
0.0	0.0
0	0
0.15	0.0
0.03	0.08
0	0
0.0	0.0
0	0
0	0
0	0
0	0
0.05	0.0375
0	0
0	0
0.05	0.025
0	0
0	0
0.0	0.0
0	0
0	0
0	0
0.09999999999999999	0.041666666666666664
0.0	0.0
0.0125	0.00625
0.075	0.0125
0.025000000000000005	0.03333333333333333
0.1	0.06875
0.034999999999999996	0.039999999999999994
0.09166666666666667	0.041666666666666664
0.08333333333333333	0.049999999999999996
0.04	0.125
0.0125	0.0
0.008333333333333333	0.0
0.15000000000000002	0.0
0.05	0.025
0.015000000000000003	0.005
0.0375	0.004166666666666667
0.05	0.0
0.0125	0.0
0.10000000000000002	0.041666666666666664
0	0
0.11944444444444445	0.1388888888888889
0	0
0.025000000000000005	0.025000000000000005
0	0
0	0
0.008333333333333333	0.0
0	0
0.075	0.0
0.125	0.0
0.015625	0.03125
0.037500000000000006	0.0125
0.049999999999999996	0.013888888888888888
0	0
0.025	0.0
0.05	0.025
0.275	0.0
0.049999999999999996	0.016666666666666666
0.10000000000000002	0.041666666666666664
0.03571428571428571	0.03214285714285715
0	0
0.025	0.0
0.084375	0.0
0.025	0.0
0.0125	0.0
0.025	0.05
0.025000000000000005	0.0
0.05	0.1125
0	0
0.037500000000000006	0.04375
0	0
0.037500000000000006	0.0125
0.0	0.0
0	0
0.03333333333333333	0.0
0.09375	0.59375
0.04	0.025
0.075	0.05
0	0
0	0
0.15625	0.06875
0.08125	0.05625
0.03333333333333333	0.0
0.0	0.0
0.025	0.0
0.075	0.0
0.05	0.025
0.075	0.016666666666666666
0	0
0.11875000000000001	0.00625
0.075	0.0
0.05	0.025
0.1625	0.0625
0.0	0.0
0.05	0.0
0.045	0.025
0.0	0.05
0	0
0	0
0	0
0	0
0.05	0.025
0.025000000000000005	0.0
0.028571428571428574	0.11428571428571428
0	0
0	0
0.0	0.0
0.05	0.05
0.13333333333333333	0.0
0.059375000000000004	0.05104166666666667
0.05	0.025
0.05	0.025
0.037500000000000006	0.0125
0.05	0.0
0.05	0.0
0.025000000000000005	0.0
0.025	0.0
0	0
0.025	0.028125
0.016666666666666666	0.0
0.0375	0.0
0.0	0.0
0.025	0.025
0.041666666666666664	0.025000000000000005
0.0	0.0
0.125	0.0875
0.05	0.025
0.05	0.025
0.025000000000000005	0.008333333333333333
0.049999999999999996	0.0
0.125	0.0
0.025	0.0
0.049999999999999996	0.025
0.275	0.0
0.05000000000000001	0.025000000000000005
0.095	0.025
0.025	0.0
0	0
0.0	0.0
0.025	0.0125
0.06666666666666667	0.008333333333333333
0	0
0	0
0.025	0.0
0.024999999999999998	0.0035714285714285718
0.125	0.05
0	0
0	0
0.05	0.025
0	0
0	0
0.037500000000000006	0.0125
0.1625	0.0125
0.0	0.0
0.0	0.0
0.0	0.0
0.005	0.0
0.06666666666666667	0.008333333333333333
0.05	0.025
0.0625	0.0
0	0
0.04722222222222222	0.03194444444444445
0.025	0.0
0	0
0.0	0.0
0	0
0.025	0.0
0.0	0.1
0.06666666666666667	0.024999999999999998
0	0
0.05	0.025
0.0125	0.0
0.08958333333333333	0.00625
0.15	0.0
0.03125	0.0
0.09999999999999999	0.049999999999999996
0.0	0.0
0.0125	0.025
0.0	0.0
0.02	0.005
0.025	0.0
0.025	0.03125
0.09999999999999999	0.0
0.0	0.0
0.20625000000000002	0.0
0.0875	0.05
0.05	0.025
0	0
0.0	0.0
0	0
0.016666666666666666	0.0
0	0
0.025	0.1
0.0	0.0
0.045	0.0
0.028125	0.0
0.07083333333333333	0.03333333333333333
0.0	0.0
0.125	0.008333333333333333
0.08333333333333333	0.0
0.058928571428571434	0.044642857142857144
0.036250000000000004	0.022812500000000006
0.05	0.0
0.0125	0.0625
0	0
0.075	0.0
0.0	0.0
0.08333333333333334	0.027777777777777776
0.07	0.015
0.0375	0.010714285714285714
0	0
0.05	0.025
0.0	0.0
0.0	0.0
0.0	0.03333333333333333
0	0
0.0	0.0
0.037500000000000006	0.0125
0.1625	0.0125
0.1296875	0.0203125
0.025	0.0
0.05	0.0125
0.05	0.025
0	0
0.0	0.0
0.125	0.0625
0.0	0.0
0.05	0.025
0.025	0.0
0.0	0.0
0.05	0.025
0.075	0.008333333333333333
0.06071428571428572	0.02142857142857143
0.0	0.0
0.05	0.0
0.025000000000000005	0.0
0	0
0	0
0.03571428571428571	0.0035714285714285718
0.05	0.025
0.0	0.0
0	0
0	0
0	0
0	0
0	0
0.03	0.0
0.0875	0.00625
0.0125	0.0
0.0203125	0.00625
0.046875	0.01875
0	0
0.04583333333333334	0.01875
0.17500000000000002	0.041666666666666664
0	0
0.0875	0.0
0	0
0.0	0.0
0.0125	0.0
0	0
0.08125	0.04375
0	0
0	0
0	0
0	0
0.0	0.0
0.15	0.0
0.0	0.0
0.0875	0.0
0	0
0.03333333333333333	0.016666666666666666
0.06875	0.04375
0.04583333333333334	0.012500000000000002
0.10833333333333334	0.049999999999999996
0	0
0.037500000000000006	0.05
0	0
0	0
0.08194444444444444	0.03888888888888889
0.025	0.0
0.21250000000000002	0.0
0	0
0.0	0.0
0.0	0.0
0.05	0.025
0.0	0.0
0	0
0	0
0.0625	0.02916666666666667
0.0125	0.0
0	0
0.05	0.025
0.0625	0.12083333333333333
0.075	0.125
0.04375	0.0
0	0
0	0
0	0
0	0
0.0125	0.05
0.025	0.0125
0.0	0.0
0.15	0.0
0.175	0.04375
0.025	0.0125
0.0	0.0
0.07500000000000002	0.050624999999999996
0	0
0.05	0.025
0.0	0.0
0	0
0	0
0.0625	0.02916666666666667
0.0125	0.0
0	0
0.05	0.025
0.0625	0.12083333333333333
0.075	0.125
0.04375	0.0
0	0
0	0
0	0
0	0
0.0125	0.05
0.025	0.0125
0.0	0.0
0.15	0.0
0.175	0.04375
0.025	0.0125
0.0	0.0
0.07500000000000002	0.050624999999999996
0	0
0.1	0.1125
0.0	0.0
0.015625	0.03125
0.025000000000000005	0.0
0.05	0.025
0.04	0.01
0.03333333333333333	0.016666666666666666
0.03333333333333333	0.03333333333333333
0.15	0.0
0.0	0.0
0.05	0.025
0.0	0.0
0	0
0.15	0.0
0.0125	0.0
0.0	0.0
0.0125	0.0
0.06666666666666667	0.06666666666666667
0.037500000000000006	0.0125
0.0	0.0
0.15	0.2
0.05	0.025
0.10625000000000001	0.015625
0.025	0.0
0.016666666666666666	0.0
0.037500000000000006	0.0125
0.025	0.0
0.025	0.0
0.05	0.0
0.0	0.0
0.0	0.0
0	0
0.049999999999999996	0.015000000000000003
0.05833333333333333	0.06666666666666667
0.016666666666666666	0.0
0.03333333333333333	0.049999999999999996
0.05	0.025
0.05	0.025
0	0
0.025	0.0
0.03333333333333333	0.008333333333333333
0.037500000000000006	0.1
0.05	0.025
0.07083333333333333	0.0
0	0
0.09166666666666667	0.041666666666666664
0	0
0	0
0	0
0.0125	0.0
0.045000000000000005	0.021666666666666664
0.0325	0.0125
0.05	0.025
0	0
0.025	0.0
0	0
0.0	0.0
0.06249999999999999	0.0
0.025	0.0125
0.025	0.0
0.049999999999999996	0.00625
0.04	0.015000000000000003
0.0	0.0
0	0
0.025	0.0
0.008333333333333333	0.0
0	0
0.0	0.0
0.05	0.025
0.0	0.0
0.05	0.037500000000000006
0.025	0.0875
0.025	0.05
0.05	0.025
0.025	0.0
0.037500000000000006	0.0
0	0
0.06625	0.0675
0.01125	0.0375
0	0
0	0
0.0	0.0
0	0
0.0	0.0
0.0	0.125
0.0625	0.0125
0.06666666666666667	0.0
0.0	0.0
0.0	0.0
0	0
0.025	0.0
0.075	0.05
0.034999999999999996	0.0
0.0	0.0
0	0
0.049999999999999996	0.0
0.0625	0.0
0.078125	0.0
0.025	0.025
0.078125	0.046875
0	0
0.05833333333333333	0.0
0.0	0.0
0.025	0.0
0.05833333333333333	0.052083333333333336
0.1625	0.020833333333333332
0.10625	0.041249999999999995
0.0	0.0
0.05	0.0375
0	0
0.0	0.05833333333333333
0.025	0.0125
0.0	0.0
0.0	0.008333333333333333
0.05	0.025
0	0
0.0	0.0
0.025	0.0
0.025	0.0
0.016666666666666666	0.008333333333333333
0	0
0.0125	0.0
0.0	0.0
0	0
0.0875	0.2875
0.025	0.0
0.0125	0.00625
0.15	0.2
0.07500000000000001	0.025
0	0
0.026250000000000002	0.0325
0.025	0.0
0.0625	0.0
0	0
0.05	0.0
0.075	0.024999999999999998
0.0	0.0
0.05416666666666667	0.008333333333333333
0.05	0.025
0	0
0.11000000000000001	0.03
0	0
0.10000000000000002	0.041666666666666664
0.0625	0.00625
0	0
0	0
0.05	0.025
0	0
0.05	0.025
0.0625	0.0125
0.025	0.0125
0	0
0.0	0.0
0	0
0.05	0.025
0.0	0.0
0.05833333333333333	0.016666666666666666
0.03333333333333333	0.041666666666666664
0.05	0.025
0.01625	0.0775
0.025	0.0
0.05	0.025
0.0	0.1
0	0
0.037500000000000006	0.0125
0.025	0.0
0.016666666666666666	0.0
0.0125	0.0
0.0	0.0
0.025	0.0125
0.0	0.0375
0.08125	0.05
0	0
0	0
0.0	0.0
0.05	0.0
0.043750000000000004	0.0125
0.075	0.075
0.0	0.0
0.018750000000000003	0.025
0.0	0.15625
0.06666666666666667	0.008333333333333333
0.0	0.0
0	0
0	0
0	0
0.025	0.0125
0.025	0.0125
0.025	0.075
0.0875	0.025
0.1125	0.0625
0	0
0	0
0.0	0.075
0.05	0.0
0.016666666666666666	0.0
0.05	0.0
0	0
0.0375	0.03333333333333333
0	0
0.016666666666666666	0.0
0	0
0.025	0.0125
0.041666666666666664	0.016666666666666666
0	0
0.025000000000000005	0.0
0.016666666666666666	0.0
0	0
0.15	0.0
0.025000000000000005	0.0
0.0	0.0
0	0
0	0
0.05500000000000001	0.025
0	0
0.049999999999999996	0.0
0.0	0.0
0.0875	0.1
0.0125	0.0
0.037500000000000006	0.0
0.0375	0.0
0.016666666666666666	0.041666666666666664
0.0875	0.0
0	0
0.15	0.0
0.07083333333333333	0.00625
0	0
0.0	0.0
0.02	0.0
0	0
0.0	0.0
0.0	0.0
0.03333333333333333	0.03333333333333333
0.09375	0.037500000000000006
0.0	0.19583333333333333
0.0	0.0
0.016666666666666666	0.0
0	0
0	0
0.025000000000000005	0.03055555555555555
0.038636363636363635	0.013636363636363636
0.05833333333333333	0.0
0.0125	0.025
0.025	0.0
0	0
0.0	0.0
0.0125	0.0
0	0
0.075	0.125
0.0125	0.0625
0.11666666666666668	0.049999999999999996
0.05833333333333333	0.016666666666666666
0.05000000000000001	0.024999999999999998
0.0125	0.0
0.035	0.034999999999999996
0	0
0.025	0.025
0.025	0.0125
0.075	0.0
0.025	0.0
0.034374999999999996	0.025
0	0
0.025	0.0125
0.0	0.0
0.05000000000000001	0.008333333333333333
0.0125	0.0
0.0	0.0
0.05	0.025
0.025	0.0
0.15833333333333333	0.016666666666666666
0.016666666666666666	0.024999999999999998
0.0	0.0
0.05	0.025
0.0	0.0
0.0125	0.0
0.025	0.0
0	0
0.05	0.025
0	0
0	0
0	0
0.05	0.025
0.0125	0.0
0.0625	0.10416666666666667
0.025	0.0
0.037500000000000006	0.0125
0	0
0.15	0.2
0.0125	0.0
0	0
0.03333333333333333	0.12916666666666668
0.0	0.0
0.05	0.025
0.05	0.0
0.056249999999999994	0.0
0.00625	0.0
0	0
0.0125	0.0
0.07500000000000001	0.037500000000000006
0.025	0.0
0.05	0.025
0.1375	0.0625
0.025	0.0
0.0125	0.0
0	0
0.0125	0.0
0	0
0	0
0.075	0.125
0	0
0.075	0.075
0.0	0.0
0	0
0.09166666666666667	0.0
0.025	0.0
0.0	0.0
0.0	0.0
0	0
0.0	0.0
0.05	0.0
0.040625	0.09375
0	0
0.018750000000000003	0.0
0.025	0.0
0	0
0	0
0.03333333333333333	0.0375
0.05	0.018750000000000003
0.1	0.0
0	0
0	0
0.06000000000000001	0.025
0.014285714285714287	0.0
0.043750000000000004	0.0
0.056249999999999994	0.00625
0.05	0.025
0.0	0.0
0.041666666666666664	0.008333333333333333
0	0
0.05	0.0
0.0	0.0
0.0	0.0
0.09999999999999999	0.049999999999999996
0.027777777777777776	0.002777777777777778
0.10625	0.21875
0.0	0.0
0.0	0.0
0.06000000000000001	0.0
0.06666666666666667	0.024999999999999998
0	0
0.03333333333333333	0.008333333333333333
0	0
0	0
0.10000000000000002	0.0
0.275	0.0
0.3333333333333333	0.4166666666666667
0.0	0.0
0.05	0.05
0.0125	0.0
0.0	0.0
0.025000000000000005	0.041666666666666664
0	0
0.075	0.0
0.0375	0.025
0.049999999999999996	0.0
0.037500000000000006	0.0125
0.025	0.0
0	0
0.06000000000000001	0.005
0.025	0.0
0.03125	0.00625
0.15	0.0
0	0
0.018750000000000003	0.0
0.046875	0.0625
0.05	0.040625
0.0	0.0
0.05	0.0
0.0125	0.0375
0.0	0.0
0.037500000000000006	0.05
0	0
0	0
0.008333333333333333	0.10833333333333334
0	0
0.06607142857142857	0.010714285714285716
0	0
0	0
0.09583333333333334	0.004166666666666667
0.0	0.03125
0.0	0.0
0.04375	0.0125
0	0
0	0
0.05	0.025
0.125	0.0125
0.008333333333333333	0.0
0.0	0.0
0.025	0.0125
0.0	0.0
0.025	0.0
0.025000000000000005	0.008333333333333333
0	0
0.0125	0.0
0.06944444444444445	0.019444444444444445
0.0	0.0
0.025	0.0
0.10000000000000002	0.041666666666666664
0.275	0.0
0.07142857142857142	0.010714285714285716
0	0
0.025	0.0
0	0
0.10000000000000002	0.029166666666666664
0.0	0.0
0.06666666666666667	0.0
0.0125	0.0
0.025	0.0
0.03928571428571428	0.0035714285714285718
0.0875	0.0
0	0
0.024999999999999998	0.0
0	0
0.1	0.0
0.034999999999999996	0.0
0.05	0.025
0.05000000000000001	0.016666666666666666
0.016666666666666666	0.0
0.025000000000000005	0.008333333333333333
0.0	0.0
0.037500000000000006	0.0125
0.0	0.0
0.05	0.025
0.0	0.0
0.2125	0.0125
0.05	0.025
0.0	0.0
0.0	0.016666666666666666
0.049999999999999996	0.04583333333333334
0	0
0	0
0.016666666666666666	0.0
0.05	0.025
0.025	0.0125
0.16666666666666666	0.05833333333333333
0.03333333333333333	0.016666666666666666
0.025	0.0125
0.0	0.025
0	0
0	0
0	0
0.029166666666666664	0.004166666666666667
0.05	0.025
0.06666666666666667	0.0
0	0
0	0
0.0	0.0
0.041666666666666664	0.13333333333333333
0	0
0.025	0.0
0	0
0.016666666666666666	0.0
0	0
0	0
0	0
0	0
0	0
0.05833333333333333	0.004166666666666667
0.0125	0.0
0.0	0.45
0.0	0.0
0.0125	0.0
0.0	0.0
0.037500000000000006	0.2
0	0
0.025	0.0125
0.03333333333333333	0.225
0.5	0.0
0	0
0.025	0.0
0	0
0.0125	0.0
0	0
0.0875	0.025
0.037500000000000006	0.018750000000000003
0.0125	0.0
0	0
0	0
0.1	0.0
0.008333333333333333	0.0
0.015000000000000003	0.0
0.1	0.0
0.025	0.0
0.025	0.0125
0.045	0.005
0	0
0	0
0.0	0.0
0	0
0	0
0.0	0.0
0.0	0.0
0.03125	0.0625
0	0
0	0
0.05	0.025
0	0
0	0
0.041666666666666664	0.0
0.025	0.00625
0.0125	0.0
0.018750000000000003	0.0
0	0
0.037500000000000006	0.0125
0.025000000000000005	0.024999999999999998
0	0
0	0
0	0
0	0
0.037500000000000006	0.0125
0.1	0.0
0.041666666666666664	0.008333333333333333
0.05	0.025
0	0
0	0
0	0
0.0375	0.0
0.021428571428571432	0.0071428571428571435
0.034999999999999996	0.005
0.0	0.0
0	0
0	0
0	0
0.05	0.025
0.0	0.0
0	0
0.025	0.0
0.15	0.0
0.09375	0.125
0	0
0.04772727272727273	0.013636363636363636
0.037500000000000006	0.018750000000000003
0	0
0.0	0.0
0.05	0.0
0.0	0.0
0.05	0.0
0.1375	0.0625
0.025	0.0
0.05833333333333334	0.008333333333333333
0.0	0.0
0.03333333333333333	0.03333333333333333
0	0
0	0
0.0	0.0
0	0
0.0	0.0
0.1625	0.0125
0.096875	0.042708333333333334
0.015000000000000003	0.005
0.08214285714285714	0.03571428571428571
0	0
0	0
0.09999999999999999	0.041666666666666664
0.0875	0.0
0.05	0.025
0.1375	0.0625
0	0
0.05	0.025
0.04375	0.0515625
0	0
0	0
0	0
0.03125	0.0625
0	0
0	0
0.025000000000000005	0.008333333333333333
0.025	0.0125
0.075	0.15
0.175	0.4
0.017857142857142856	0.0035714285714285718
0.025	0.05
0.05	0.0
0.05	0.025
0.06785714285714285	0.024999999999999998
0	0
0	0
0	0
0.00625	0.025
0	0
0.0375	0.1125
0.025	0.0125
0.0	0.0
0.008333333333333333	0.0
0.016666666666666666	0.0
0	0
0.0	0.0
0	0
0.028571428571428574	0.027380952380952377
0	0
0.0	0.18
0.05	0.0125
0.049999999999999996	0.0
0.0625	0.075
0.025	0.0
0.025	0.018750000000000003
0.05	0.025
0.025	0.0
0.0	0.0
0	0
0	0
0.05000000000000001	0.05833333333333333
0.0125	0.0
0	0
0.05	0.025
0.03333333333333333	0.008333333333333333
0.07916666666666668	0.020833333333333332
0.0125	0.0
0.15	0.0
0.025000000000000005	0.0
0.06785714285714285	0.03928571428571429
0.08333333333333333	0.08333333333333333
0	0
0.15	0.0
0.0	0.0
0.015625	0.1
0.15416666666666667	0.041666666666666664
0.11500000000000002	0.05
0.008333333333333333	0.0
0	0
0.024999999999999998	0.024999999999999998
0.018750000000000003	0.01875
0.0625	0.0
0.025	0.0
0	0
0	0
0.025000000000000005	0.008333333333333333
0.05333333333333334	0.05
0.06875	0.0375
0	0
0	0
0	0
0	0
0.0	0.05
0	0
0.05500000000000001	0.023125
0.075	0.008333333333333333
0.05	0.025
0.0	0.0
0.025	0.015000000000000003
0.05	0.025
0	0
0.018750000000000003	0.00625
0.05	0.025
0.029166666666666664	0.012500000000000002
0.03333333333333333	0.004166666666666667
0.06785714285714287	0.025
0.06666666666666667	0.004166666666666667
0	0
0.05	0.025
0.0	0.0
0.0	0.0
0.0	0.0
0.02	0.0
0.025	0.0125
0.05	0.025
0.03333333333333333	0.004166666666666667
0	0
0	0
0.0125	0.0
0.020833333333333332	0.004166666666666667
0.05000000000000001	0.008333333333333333
0	0
0.025	0.0
0.0	0.0
0.075	0.0
0.0	0.0
0	0
0	0
0	0
0.01	0.005
0.05	0.0
0.028571428571428574	0.0071428571428571435
0.0125	0.0
0	0
0	0
0.0125	0.00625
0.008333333333333333	0.03333333333333333
0.025	0.0
0.075	0.025000000000000005
0	0
0.008333333333333333	0.008333333333333333
0.05	0.025
0.025000000000000005	0.0
0.15000000000000002	0.0
0	0
0.0	0.0
0.06666666666666667	0.008333333333333333
0	0
0.15	0.0
0.15	0.0
0.095	0.0325
0.0375	0.008333333333333333
0	0
0	0
0.025	0.0125
0.0	0.0
0.05	0.025
0.016666666666666666	0.016666666666666666
0.05	0.05
0.008333333333333333	0.0
0.03333333333333333	0.008333333333333333
0.0	0.0
0.025	0.0125
0.025	0.0
0.016666666666666666	0.008333333333333333
0	0
0.040624999999999994	0.00625
0.025000000000000005	0.008333333333333333
0.024999999999999998	0.003125
0.049999999999999996	0.016666666666666666
0.04722222222222223	0.036111111111111115
0.016666666666666666	0.08333333333333333
0.4	0.0
0.05	0.025
0.05833333333333333	0.041666666666666664
0.030000000000000006	0.01
0	0
0.0	0.0
0.0	0.0
0.049999999999999996	0.0
0.025	0.3875
0.012500000000000002	0.012499999999999999
0.05	0.025
0.03333333333333333	0.016666666666666666
0.0	0.0
0	0
0.125	0.0
0.056249999999999994	0.00625
0.041666666666666664	0.016666666666666666
0.025	0.0
0	0
0	0
0.025	0.0
0	0
0	0
0.041666666666666664	0.0
0.058333333333333334	0.024999999999999998
0.05	0.0
0.02142857142857143	0.028571428571428574
0.0	0.0
0.05	0.025
0	0
0.05833333333333333	0.008333333333333333
0.0	0.0
0.0125	0.3125
0.1125	0.025
0.025	0.0
0.0875	0.0
0.05	0.0
0.008333333333333333	0.0
0.0625	0.0125
0.0	0.0
0	0
0.05	0.0
0.1416666666666667	0.0
0.0	0.0
0.018750000000000003	0.018750000000000003
0.0	0.0
0	0
0.025	0.0125
0	0
0.041666666666666664	0.0
0.0	0.0
0	0
0.0	0.0
0	0
0.049999999999999996	0.0
0.025	0.0
0.05833333333333333	0.08333333333333333
0	0
0	0
0.0	0.0
0.03214285714285715	0.0035714285714285718
0	0
0.025000000000000005	0.0
0.075	0.0
0.049999999999999996	0.08333333333333333
0.025000000000000005	0.13333333333333333
0.0125	0.0
0.07500000000000001	0.034999999999999996
0.05	0.025
0.0	0.0
0.039999999999999994	0.01
0.027777777777777776	0.005555555555555556
0	0
0.03333333333333333	0.016666666666666666
0.0	0.1
0.0	0.025
0.071875	0.03125
0.025	0.075
0.0	0.125
0.0875	0.0
0.10833333333333334	0.049999999999999996
0.0	0.0
0.049999999999999996	0.0
0	0
0.05	0.0
0.0125	0.0
0.09166666666666667	0.041666666666666664
0.05	0.025
0.025	0.0125
0.05	0.025
0.1	0.0
0.0125	0.0
0.06500000000000002	0.0
0	0
0.025	0.0
0.05	0.025
0.025	0.0
0.0375	0.0225
0.0625	0.00625
0.025	0.0
0.0	0.025
0.027500000000000004	0.027500000000000004
0.05500000000000001	0.02
0.0625	0.05
0	0
0.025	0.0125
0.061111111111111116	0.07222222222222223
0.05	0.025
0.05	0.0
0	0
0.05	0.0
0.025000000000000005	0.0
0	0
0	0
0.0	0.0
0.0	0.0
0	0
0.025	0.0
0	0
0.0	0.0
0.025	0.0
0.125	0.05
0.025	0.0
0.05	0.025
0.0	0.0
0.025	0.0
0.07500000000000001	0.037500000000000006
0	0
0.025	0.0
0.05	0.025
0.1625	0.0
0.0875	0.0
0.0125	0.0
0.05	0.025
0.025000000000000005	0.075
0.05833333333333333	0.016666666666666666
0.07083333333333332	0.024999999999999998
0.016666666666666666	0.008333333333333333
0.0	0.0
0.04	0.02
0.037500000000000006	0.0
0	0
0.025	0.0
0.037500000000000006	0.0125
0.08125	0.03125
0.0	0.0
0.0	0.0
0.1125	0.06875
0.075	0.008333333333333333
0.0	0.0
0.03333333333333333	0.008333333333333333
0.025	0.0125
0.037500000000000006	0.04375
0.05	0.025
0.05833333333333333	0.0
0	0
0.037500000000000006	0.0125
0.05833333333333333	0.0
0.0	0.0
0.025000000000000005	0.008333333333333333
0	0
0.0125	0.0
0.042499999999999996	0.0375
0.0	0.0
0.025	0.0125
0.0375	0.0
0.0	0.0
0.16666666666666666	0.0
0	0
0.016666666666666666	0.0
0.05	0.025
0	0
0.016666666666666666	0.0
0.05	0.025
0.008333333333333333	0.0
0	0
0.03125	0.0375
0	0
0.05833333333333333	0.1125
0.05	0.0
0.0125	0.0
0	0
0.043750000000000004	0.016666666666666666
0.07499999999999998	0.045
0.09375	0.0
0	0
0.03125	0.0125
0.034999999999999996	0.01
0	0
0	0
0.025	0.0
0.029166666666666664	0.0
0.025	0.0125
0.6	0.025
0.05000000000000001	0.049999999999999996
0.015625	0.03125
0.0	0.0
0.03333333333333333	0.041666666666666664
0	0
0.025	0.0125
0.025	0.0125
0.020833333333333332	0.012500000000000002
0	0
0.05	0.025
0.018750000000000003	0.00625
0.045	0.09500000000000001
0.045	0.0
0.018750000000000003	0.0
0.125	0.0
0.0	0.0
0.0375	0.0375
0	0
0	0
0	0
0.0625	0.008333333333333333
0.085	0.0
0	0
0.075	0.008333333333333333
0.0	0.0
0.1	0.0
0.0	0.0
0.0875	0.0
0.175	0.0
0.0	0.0
0.0875	0.0
0	0
0.10416666666666667	0.19583333333333333
0.0125	0.0
0.021875	0.084375
0.016666666666666666	0.008333333333333333
0.05	0.025
0.017857142857142856	0.014285714285714287
0.049999999999999996	0.0
0.05	0.025
0.0	0.0
0.025	0.0125
0.025	0.00625
0.020833333333333332	0.075
0.025	0.0
0	0
0.05	0.025
0.11500000000000002	0.034999999999999996
0.016666666666666666	0.0
0	0
0	0
0.025000000000000005	0.10833333333333334
0.037500000000000006	0.0125
0.0	0.0
0.0	0.0
0.05	0.025
0.025000000000000005	0.0
0.05	0.0
0.13	0.0
0	0
0	0
0.05	0.025
0	0
0	0
0.041666666666666664	0.125
0	0
0.0	0.0
0	0
0.05	0.0
0.1	0.0
0.05	0.025
0.0	0.0
0.037500000000000006	0.0
0.05	0.025
0.03928571428571429	0.042261904761904764
0	0
0	0
0.13333333333333333	0.04583333333333334
0.08333333333333333	0.0
0.0	0.0
0	0
0.0	0.0
0.05	0.0
0.049999999999999996	0.03333333333333333
0.034375	0.018750000000000003
0.0	0.0
0.0125	0.075
0.05500000000000001	0.005
0.0125	0.0
0.09333333333333332	0.01
0.05	0.0125
0.008333333333333333	0.020833333333333332
0	0
0.06875	0.0125
0.008333333333333333	0.0
0.0	0.0
0.1	0.0375
0	0
0	0
0.05000000000000001	0.008333333333333333
0.018750000000000003	0.040625
0.030000000000000006	0.085
0.075	0.008333333333333333
0.04583333333333334	0.03958333333333333
0.0	0.0
0.03	0.02
0.025	0.0125
0.015625	0.025
0	0
0.008333333333333333	0.0
0.025	0.00625
0.04583333333333334	0.008333333333333333
0.0	0.0
0	0
0.02	0.03
0.0625	0.0
0.035	0.005
0.05	0.025
0	0
0.0125	0.0
0.125	0.05
0.025000000000000005	0.0
0.01	0.0
0	0
0	0
0	0
0.041666666666666664	0.041666666666666664
0.018750000000000003	0.056249999999999994
0.0	0.0
0	0
0	0
0	0
0.008333333333333333	0.0
0	0
0.0125	0.0
0.125	0.0
0.016666666666666666	0.016666666666666666
0.0	0.0
0	0
0.016666666666666666	0.008333333333333333
0.075	0.0
0.025	0.0125
0.025	0.0
0	0
0.0125	0.0
0.016666666666666666	0.0
0.025	0.025
0.05	0.075
0	0
0.0	0.0
0.125	0.00625
0.025	0.0125
0.0	0.0
0.05	0.025
0.00625	0.0
0.037500000000000006	0.0
0.325	0.0
0.05	0.025
0.05833333333333333	0.025000000000000005
0.0	0.0
0	0
0.24	0.05500000000000001
0.15833333333333333	0.0
0.0	0.0
0	0
0.025	0.00625
0.16666666666666666	0.0
0.025	0.0125
0	0
0.036538461538461534	0.025000000000000005
0.0375	0.0
0.07500000000000001	0.0171875
0.25	0.125
0	0
0.0	0.0
0	0
0.025000000000000005	0.0
0.05	0.025
0	0
0.05	0.025
0.05	0.025
0.05	0.025
0.025	0.0125
0	0
0.05	0.025
0.056249999999999994	0.0
0.025	0.0
0.15	0.0
0.06785714285714285	0.0071428571428571435
0.025000000000000005	0.0
0.15	0.0
0	0
0.03333333333333333	0.008333333333333333
0.025	0.0125
0.0	0.0125
0.1375	0.0
0.075	0.03333333333333333
0.06666666666666667	0.008333333333333333
0.075	0.0
0.0	0.0
0.0625	0.0125
0.075	0.0
0	0
0	0
0	0
0	0
0.025	0.0125
0.05357142857142857	0.0035714285714285718
0.06666666666666667	0.0
0.09166666666666667	0.0
0	0
0.15	0.0
0	0
0	0
0.046875	0.01875
0	0
0.10416666666666667	0.041666666666666664
0.0	0.0
0.15	0.0
0.05	0.0
0.0125	0.0
0.025	0.0
0.08333333333333333	0.041666666666666664
0.0	0.0
0.0	0.0
0.0	0.0
0.125	0.25
0.025	0.0
0.04375	0.0
0.0	0.0
0.0	0.0
0.0	0.0
0	0
0.0	0.0
0	0
0.0	0.0
0.1	0.05
0.0	0.0
0.0	0.0
0	0
0.1	0.0125
0	0
0	0
0.08125	0.0
0.0	0.0
0.0	0.0
0.05	0.0
0.041666666666666664	0.0
0.0	0.0
0.025	0.0
0.05	0.037500000000000006
0.05	0.025
0.03333333333333333	0.0
0.05	0.025
0.04285714285714286	0.04642857142857143
0	0
0	0
0	0
0.21250000000000002	0.0
0	0
0.05	0.025
0.0	0.0
0	0
0.075	0.0
0.0	0.1125
0.037500000000000006	0.05
0	0
0.03333333333333333	0.08472222222222221
0	0
0.025	0.0
0.0	0.0
0.025	0.0
0.05	0.025
0.0	0.0
0.025000000000000005	0.049999999999999996
0	0
0.0	0.0
0.0	0.05
0.025	0.00625
0.0	0.0
0.0125	0.0
0.0	0.0
0	0
0.041666666666666664	0.012499999999999999
0.05	0.075
0.075	0.0
0	0
0.05	0.015000000000000003
0	0
0.07083333333333333	0.1875
0.0	0.0
0.0	0.1
0	0
0.0625	0.15
0.1	0.1125
0.05	0.025
0.08333333333333333	0.0
0.016666666666666666	0.004166666666666667
0.0	0.0
0.025	0.015000000000000003
0.048	0.022000000000000002
0	0
0.0	0.0
0.025	0.0125
0	0
0	0
0.041666666666666664	0.0
0.0625	0.05
0	0
0.0	0.0
0.05	0.025
0.06041666666666667	0.03125
0.025	0.0
0	0
0.08125	0.0625
0	0
0	0
0	0
0.025	0.09999999999999999
0.025	0.075
0.05	0.025
0.075	0.0
0.056249999999999994	0.00625
0	0
0	0
0.05	0.025
0.018750000000000003	0.00625
0.03	0.0
0.0	0.0
0	0
0.025	0.0
0.25	0.0125
0.05	0.025
0.05	0.005
0.06666666666666667	0.008333333333333333
0.0	0.0
0.00625	0.0
0.025000000000000005	0.0
0.0625	0.06041666666666666
0.0	0.0
0.056249999999999994	0.00625
0.03333333333333333	0.008333333333333333
0.05833333333333335	0.0
0.05	0.025
0	0
0.037500000000000006	0.0125
0.025	0.0125
0.0875	0.0
0.03333333333333333	0.008333333333333333
0	0
0.05833333333333333	0.0
0.03333333333333333	0.0
0.0	0.2
0.0	0.0
0.03928571428571429	0.014285714285714287
0	0
0.05357142857142857	0.017857142857142856
0.025000000000000005	0.008333333333333333
0	0
0.025000000000000005	0.016666666666666666
0.0	0.0
0.07	0.01
0.05	0.025
0.0	0.0
0	0
0.01	0.04
0	0
0.04375	0.00625
0.05	0.025
0	0
0.05	0.075
0.025000000000000005	0.075
0.0	0.0
0.065	0.0
0.0375	0.0125
0	0
0.03333333333333333	0.016666666666666666
0.0	0.0
0.0	0.0
0.0	0.0
0	0
0.025	0.0125
0.1125	0.025
0.025	0.0
0.05	0.0125
0.04	0.16
0.025	0.0
0	0
0.0	0.0
0	0
0.06874999999999999	0.08124999999999999
0.016666666666666666	0.0
0.02857142857142857	0.025
0.0	0.0
0.025	0.0
0	0
0.05	0.025
0.037500000000000006	0.04375
0.024999999999999998	0.012500000000000002
0.025000000000000005	0.0
0.20625	0.00625
0.03125	0.0
0.05	0.025
0.09	0.03
0.025	0.0
0.0	0.0
0.15	0.10833333333333334
0.06875	0.00625
0	0
0.02	0.0
0.1	0.0
0.0	0.0
0	0
0.025	0.0625
0.0	0.0
0.0	0.0
0.06666666666666667	0.0375
0.0	0.0
0	0
0.012500000000000002	0.008333333333333333
0.05	0.025
0.06666666666666667	0.0
0.03333333333333333	0.008333333333333333
0	0
0.051388888888888894	0.04861111111111111
0	0
0.05000000000000001	0.13333333333333333
0	0
0.05	0.025
0	0
0.05	0.0
0	0
0.075	0.0
0.0	0.0
0.02	0.005
0	0
0.037500000000000006	0.0125
0.016666666666666666	0.0
0.05576923076923078	0.021153846153846155
0.0	0.0125
0.0	0.0
0.025000000000000005	0.08333333333333333
0.025	0.0125
0.05	0.025
0.05	0.0
0.125	0.025
0.05	0.025
0.041666666666666664	0.008333333333333333
0.05000000000000001	0.008333333333333333
0	0
0.025	0.0
0	0
0.025	0.0125
0	0
