0.03	0.015000000000000003
0.04583333333333334	0.03333333333333333
0.008333333333333333	0.11666666666666665
0.06	0.0
0.060714285714285714	0.08214285714285716
0.0	0.0
0.0	0.0
0.05000000000000001	0.020833333333333332
0.049999999999999996	0.0071428571428571435
0.03125	0.00625
0.040625	0.00625
0.05833333333333333	0.0
0.028333333333333332	0.006666666666666667
0.008333333333333333	0.024999999999999998
0.0875	0.0
0.037500000000000006	0.0375
0.032031250000000004	0.003125
0.06785714285714287	0.0
0.041249999999999995	0.01125
0.05	0.0125
0.1	0.075
0.04375	0.31875
0.0	0.0
0.075	0.0
0.041666666666666664	0.025000000000000005
0.052500000000000005	0.0225
0.125	0.0625
0.025	0.005
0.016666666666666666	0.0
0.03	0.015
0.041666666666666664	0.004166666666666667
0	0
0.03653846153846154	0.04423076923076923
0.03125	0.018750000000000003
0.0	0.0
0	0
0.03125	0.00625
0.0875	0.0
0.0125	0.0
0.13333333333333333	0.008333333333333333
0.025	0.0625
0.0875	0.0
0.0125	0.0
0.03541666666666667	0.054166666666666675
0.024999999999999998	0.010714285714285716
0.00625	0.0
0.025	0.0
0.03125	0.025
0.10833333333333334	0.004166666666666667
0.026562500000000003	0.0125
0.2375	0.0
0.1125	0.025
0.05	0.025
0.25	0.0625
0.0125	0.0
0.075	0.0
0.03125	0.0
0.008333333333333333	0.0
0.025	0.0
0.18333333333333335	0.09166666666666667
0.05	0.05625
0.075	0.05
0.0	0.0125
0.015000000000000003	0.0
0.05	0.025
0.07333333333333333	0.0125
0.06875	0.0125
0.016666666666666666	0.008333333333333333
0.0	0.0
0.03125	0.0
0.04583333333333334	0.024999999999999998
0.05	0.025
0.037500000000000006	0.08125
0.1	0.0
0.00625	0.0
0.03333333333333333	0.016666666666666666
0.0	0.0
0.00625	0.0
0.028125000000000004	0.009375000000000001
0.025	0.0
0.016666666666666666	0.008333333333333333
0.01	0.08
0.025	0.0
0.03854166666666667	0.0
0.016666666666666666	0.008333333333333333
0.016666666666666666	0.0
0.05500000000000001	0.005
0.05	0.025
0.075	0.0
0.015000000000000003	0.0
0.04375	0.05
0.018750000000000003	0.018750000000000003
0.07916666666666666	0.10833333333333334
0.05	0.025
0.035	0.0
0.0	0.0
0.0	0.0
0.044642857142857144	0.05714285714285715
0.016666666666666666	0.008333333333333333
0.05	0.025
0.0	0.0
0.0	0.0
0.025	0.0625
0.025	0.0
0.05	0.025
0.05	0.0125
0.0	0.0
0.049999999999999996	0.0
0.05000000000000001	0.025000000000000005
0.03541666666666667	0.13541666666666666
0.0	0.03333333333333333
0.02	0.005
0.034999999999999996	0.0
0.05	0.025
0.0	0.0
0.024999999999999998	0.041666666666666664
0.03125	0.00625
0.05	0.0375
0.03125	0.046875
0.025	0.00625
0.025	0.0
0.0	0.0
0.018750000000000003	0.0
0.0125	0.0
0.005	0.0
0.0	0.0
0.025	0.0
0.016666666666666666	0.008333333333333333
0.0125	0.0
0.05	0.0
0.05	0.025
0	0
0.025000000000000005	0.008333333333333333
0.075	0.0
0.04	0.0075000000000000015
0.03125	0.0125
0.06666666666666667	0.008333333333333333
0.05	0.0
0.0	0.0
0.08571428571428573	0.03571428571428571
0.0125	0.0
0.034999999999999996	0.025
0.21250000000000002	0.018750000000000003
0.0	0.0
0.01	0.0
0.0	0.0
0.04375	0.00625
0.05000000000000001	0.05833333333333333
0.09999999999999999	0.020833333333333332
0.0	0.0
0.025	0.0125
0.025	0.0
0.025	0.05
0.0125	0.0
0.037500000000000006	0.0
0.03	0.0
0.05	0.0
0.0625	0.025
0.17500000000000002	0.005
0.096875	0.084375
0.275	0.0
0.05	0.025
0.025	0.0125
0.025000000000000005	0.008333333333333333
0.1	0.0
0.08333333333333333	0.041666666666666664
0.016666666666666666	0.0
0.025000000000000005	0.0
0.025	0.0
0.029166666666666664	0.020833333333333332
0.016666666666666666	0.016666666666666666
0.0125	0.0125
0.04375	0.00625
0.05833333333333333	0.0
0.0	0.025
0.05104166666666667	0.017708333333333336
0.08333333333333333	0.012500000000000002
0.017499999999999998	0.0125
0.05	0.05
0.0375	0.008333333333333333
0.04583333333333334	0.016666666666666666
0.0	0.0
0.0	0.0
0.075	0.13333333333333333
0.13333333333333333	0.0
0.041666666666666664	0.1416666666666667
0.20833333333333334	0.08333333333333333
0.025	0.00625
0.027777777777777776	0.005555555555555556
0.037500000000000006	0.0125
0.05	0.025
0.0	0.15
0.022727272727272728	0.04318181818181818
0.05089285714285715	0.008035714285714287
0.0	0.0
0.05	0.0
0.025	0.0125
0.0875	0.090625
0.0	0.0
0.06696428571428571	0.011607142857142858
0.03125	0.03125
0.05	0.03125
0.05	0.01875
0.0	0.0
0.1	0.016666666666666666
0.10000000000000002	0.0
0.0	0.016666666666666666
0.016666666666666666	0.049999999999999996
0.0	0.0
0	0
0	0
0.034374999999999996	0.028125
0.025	0.0
0.03333333333333333	0.004166666666666667
0.024999999999999998	0.0
0.0125	0.0
0.016666666666666666	0.03333333333333333
0.016666666666666666	0.0
0.04230769230769231	0.0019230769230769232
0.029166666666666664	0.025000000000000005
0.049999999999999996	0.07083333333333335
0.07222222222222222	0.0
0.024999999999999998	0.014285714285714287
0.0	0.0
0	0
0.034375	0.025
0.030000000000000006	0.005
0.02916666666666667	0.07916666666666668
0.0625	0.0
0.01	0.0
0.05499999999999999	0.015000000000000003
0.03571428571428571	0.0071428571428571435
0.0	0.0
0.0	0.0
0.15	0.0
0.08409090909090912	0.022727272727272728
0.03125	0.0125
0.10833333333333332	0.0
0.10833333333333332	0.0
0.017857142857142856	0.0
0.018750000000000003	0.0
0.06000000000000001	0.025
0.00625	0.0
0.037500000000000006	0.0125
0.17857142857142858	0.02142857142857143
0.045	0.025
0.041666666666666664	0.016666666666666666
0.016666666666666666	0.016666666666666666
0.0	0.0
0.0	0.0
0.05	0.025
0.024999999999999998	0.0
0.01	0.005
0.02	0.03
0.0	0.0
0.049999999999999996	0.016666666666666666
0.041666666666666664	0.024999999999999998
0.0875	0.0
0.0035714285714285718	0.09999999999999999
0.05	0.025
0.025	0.2
0.03125	0.09375
0.025	0.0
0.025	0.00625
0.0	0.0
0.031060606060606056	0.004545454545454546
0.06	0.005
0.041666666666666664	0.008333333333333333
0.1	0.0125
0.04187500000000001	0.008125
0.008333333333333333	0.0
0.037500000000000006	0.0
0.075	0.0
0.049999999999999996	0.0
0.016666666666666666	0.008333333333333333
0.0125	0.03125
0.05833333333333333	0.0
0.0	0.15
0.0	0.1
0.06666666666666667	0.02638888888888889
0.05	0.005
0.0	0.0
0.06875	0.03125
0.20833333333333334	0.09999999999999999
0.0	0.0
0.0125	0.0
0.04285714285714286	0.014285714285714287
0.05	0.01
0.045	0.005
0.008333333333333333	0.0
0.008333333333333333	0.0
0.02	0.005
0.025	0.005
0.025000000000000005	0.012500000000000002
0.0	0.0
0.0125	0.03125
0.0	0.015000000000000003
0.04	0.0
0.0375	0.0125
0.015000000000000003	0.0
0	0
0.05	0.025
0.05625000000000001	0.0125
0.016666666666666666	0.008333333333333333
0.049999999999999996	0.0125
0.05	0.0125
0.03125	0.009375000000000001
0.015000000000000003	0.025
0.06250000000000001	0.021875000000000002
0.103125	0.059375
0.05	0.0
0.018750000000000003	0.041666666666666664
0.015000000000000003	0.005
0.05	0.025
0.09583333333333334	0.04270833333333333
0.0	0.0
0.025	0.0
0.0375	0.0125
0.05357142857142857	0.0035714285714285718
0.05	0.02
0.0125	0.0
0.018750000000000003	0.00625
0.0	0.0
0.025000000000000005	0.016666666666666666
0.0625	0.020833333333333332
0.05	0.05
0.016666666666666666	0.25
0.08333333333333333	0.008333333333333333
0.025	0.0
0.016666666666666666	0.0
0.008333333333333333	0.049999999999999996
0.041666666666666664	0.0
0.025	0.0
0.060416666666666674	0.04791666666666667
0.025000000000000005	0.0
0.05	0.025
0.03333333333333333	0.016666666666666666
0.09166666666666667	0.041666666666666664
0.041666666666666664	0.0
0.020833333333333332	0.0
0.018750000000000003	0.0
0.15833333333333335	0.0
0.05	0.0
0.0	0.016666666666666666
0.05	0.075
0.05357142857142858	0.014285714285714287
0.03571428571428571	0.0
0.0	0.025
0.037500000000000006	0.0125
0.02	0.005
0.022222222222222223	0.008333333333333335
0.04375	0.00625
0.016666666666666666	0.008333333333333333
0.0	0.0
0.03333333333333333	0.016666666666666666
0.041666666666666664	0.012500000000000002
0.06041666666666667	0.0
0.0	0.0
0.021428571428571432	0.0071428571428571435
0.03928571428571428	0.0071428571428571435
0.013888888888888888	0.019444444444444445
0.05833333333333334	0.004166666666666667
0.04	0.025
0.03333333333333333	0.041666666666666664
0.016666666666666666	0.008333333333333333
0.03571428571428571	0.0
0.008333333333333333	0.049999999999999996
0.037500000000000006	0.00625
0.018750000000000003	0.1
0.05	0.025
0.030000000000000006	0.01
0.018750000000000003	0.00625
0.016666666666666666	0.008333333333333333
0.034999999999999996	0.01
0.0375	0.016666666666666666
0.03333333333333333	0.016666666666666666
0.05	0.08
0.0625	0.0125
0.021875	0.0703125
0.020833333333333332	0.016666666666666666
0.05	0.025
0.002777777777777778	0.0
0.05	0.027777777777777776
0.03125	0.075
0.0	0.0
0.0	0.075
0.0125	0.00625
0.0125	0.0125
0.075	0.0
0.016666666666666666	0.0
0.041666666666666664	0.008333333333333333
0.016666666666666666	0.049999999999999996
0.0	0.125
0.04375	0.00625
0.09166666666666667	0.041666666666666664
0.05	0.025
0.15	0.2
0.0	0.0
0.10500000000000001	0.005
0.02986111111111111	0.02986111111111111
0.025	0.0
0.125	0.0625
0.03571428571428571	0.010714285714285716
0.025	0.0125
0.03125	0.0125
0.08214285714285716	0.03928571428571429
0.05	0.025
0.05	0.025
0	0
0.0	0.0
0.03125	0.04375
0.06071428571428572	0.029464285714285714
0.0	0.0
0.0	0.0
0.025	0.0125
0.0	0.0
0.00625	0.0
0.0	0.0
0.0375	0.0
0.06666666666666667	0.016666666666666666
0.025	0.0375
0.065	0.005
0.018750000000000003	0.0
0.018750000000000003	0.00625
0.0	0.0375
0.025	0.0125
0.0	0.0
0.05750000000000001	0.025
0.06145833333333334	0.010937500000000001
0.0	0.0
0.017857142857142856	0.0035714285714285718
0.015625	0.009375
0.0	0.0
0.1142857142857143	0.0071428571428571435
0.07857142857142858	0.02857142857142857
0.008333333333333333	0.0
0.05	0.0411764705882353
0.075	0.0625
0.008333333333333333	0.0
0.056249999999999994	0.00625
0.05500000000000001	0.03
0.0625	0.0125
0.025	0.0
0.049999999999999996	0.06250000000000001
0.05625	0.0125
0.07037037037037036	0.027777777777777776
0.0375	0.05
0.03333333333333333	0.05000000000000001
0.037500000000000006	0.025
0.03125	0.0125
0.03125	0.0
0.025	0.03
0.05454545454545454	0.018181818181818184
0.03958333333333333	0.010416666666666666
0.03333333333333333	0.05833333333333333
0.012500000000000002	0.004166666666666667
0.03333333333333333	0.016666666666666666
0.05	0.025
0.09375000000000001	0.0
0.041666666666666664	0.016666666666666666
0.061111111111111116	0.03888888888888889
0.09625	0.07499999999999998
0.016666666666666666	0.008333333333333333
0.07500000000000001	0.013888888888888888
0.025	0.0125
0.05000000000000001	0.016666666666666666
0.029166666666666664	0.008333333333333333
0.02142857142857143	0.0
0.0	0.0
0.05	0.0
0.025	0.00625
0.03333333333333333	0.0
0.05	0.025
0.05833333333333333	0.008333333333333333
0	0
0.1	0.018750000000000003
0.028571428571428574	0.0
0	0
0.026666666666666665	0.005
0.05	0.025
0.03333333333333333	0.016666666666666666
0.0	0.0
0.025	0.0
0.025	0.0
0.012500000000000002	0.004166666666666667
0.06000000000000001	0.04250000000000001
0.0	0.0
0.05	0.025
0.025	0.0125
0.0	0.0
0.025	0.0125
0.018750000000000003	0.0
0.020833333333333332	0.0
0.025	0.0
0.025	0.0125
0.025	0.0
0.075	0.034999999999999996
0.15	0.125
0.03125	0.03125
0.025	0.0125
0.0125	0.0
0.04642857142857143	0.0
0.06666666666666667	0.008333333333333333
0.075	0.0
0.05	0.025
0.05	0.025
0.05	0.025
0.045	0.08
0.03333333333333333	0.0
0.025	0.0
0.06666666666666667	0.075
0.07	0.01
0.0125	0.0
0.04375	0.0125
0.10999999999999999	0.0
0.0	0.0
0.02884615384615384	0.019230769230769232
0.0	0.0
0.01346153846153846	0.0
0.0	0.0
0.03333333333333333	0.0
0.025	0.0125
0.05000000000000001	0.0
0.049999999999999996	0.0
0.034375	0.028125
0.018750000000000003	0.00625
0.03333333333333333	0.016666666666666666
0.04642857142857143	0.05178571428571429
0.0125	0.00625
0.05	0.025
0.041666666666666664	0.016666666666666666
0.046875	0.009375000000000001
0.05416666666666667	0.020833333333333332
0.058333333333333334	0.016666666666666666
0.0375	0.09999999999999999
0.0125	0.0
0.008333333333333333	0.0
0.04687500000000001	0.0
0.025	0.0
0.05000000000000001	0.025000000000000005
0.0	0.0
0.12916666666666668	0.027083333333333334
0.04375	0.00625
0.034999999999999996	0.01
0.025	0.075
0.025	0.0125
0.03333333333333333	0.13333333333333333
0.004166666666666667	0.004166666666666667
0.09166666666666667	0.016666666666666666
0.05	0.21250000000000002
0.09375	0.021875
0.025	0.0
0.008333333333333333	0.0
0.05	0.025
0.07083333333333333	0.041666666666666664
0.025	0.0
0.05	0.025
0.025	0.0
0.056249999999999994	0.0125
0.09642857142857142	0.0071428571428571435
0.00625	0.0
0.0	0.0
0.03333333333333333	0.016666666666666666
0.05	0.025
0.020833333333333332	0.0625
0.020833333333333332	0.004166666666666667
0.05	0.025
0.0	0.016666666666666666
0.0375	0.020833333333333332
0.01	0.02
0.0	0.0
0.06666666666666667	0.025000000000000005
0.0	0.0
0.04285714285714286	0.024999999999999998
0.08125	0.00625
0.04583333333333333	0.0
0.05	0.037500000000000006
0.0	0.0
0.05	0.037500000000000006
0.03125	0.018750000000000003
0.06666666666666667	0.008333333333333333
0.028846153846153848	0.007692307692307693
0.05625000000000001	0.0
0.0	0.0
0.0	0.0
0.025	0.0125
0.0	0.0
0.025	0.0125
0.1875	0.0
0.09999999999999999	0.041666666666666664
0.05555555555555555	0.04305555555555556
0.025	0.0125
0.040625	0.03125
0.04583333333333334	0.024999999999999998
0.0875	0.0125
0.05	0.0125
0.05000000000000001	0.06666666666666667
0.034999999999999996	0.005
0.085	0.005
0.05681818181818183	0.02727272727272728
0.0625	0.025
0.1875	0.0
0.025000000000000005	0.008333333333333333
0.037500000000000006	0.0
0.18125	0.00625
0.10833333333333334	0.0
0.17500000000000002	0.041666666666666664
0.0625	0.05
0.0375	0.0375
0.0125	0.0
0.0625	0.0125
0.05833333333333333	0.024999999999999998
0.0	0.0
0.01	0.0
0.05000000000000001	0.008333333333333333
0.125	0.0
0.027777777777777776	0.0
0.0	0.08333333333333333
0.008333333333333333	0.024999999999999998
0.057812499999999996	0.0078125
0.025000000000000005	0.008333333333333333
0.03125	0.0
0.034375	0.003125
0.0	0.0
0.035416666666666666	0.0
0.03125	0.0375
0.02	0.005
0.125	0.0625
0.051666666666666666	0.005000000000000001
0.0875	0.0
0.25	0.125
0.04583333333333334	0.008333333333333333
0.0	0.0
0.029166666666666664	0.016666666666666666
0.017857142857142856	0.014285714285714287
0.0725	0.042499999999999996
0.05714285714285715	0.02857142857142857
0.0125	0.0
0.025000000000000005	0.008333333333333333
0.0	0.0
0.028125	0.05625
0.020833333333333332	0.0625
0.0	0.0
0.125	0.0625
0.025000000000000005	0.0
0.125	0.0
0.043750000000000004	0.0
0.045	0.0
0.03	0.0
0.03214285714285715	0.0
0.125	0.0625
0.03214285714285714	0.0
0.0	0.0
0.05	0.025
0.05000000000000001	0.016666666666666666
0.15	0.0
0.025000000000000005	0.0
0.05833333333333333	0.041666666666666664
0.03125	0.06875
0.06999999999999999	0.005
0.05	0.025
0.0	0.0
0.05	0.005
0.09062500000000001	0.024999999999999998
0.08333333333333333	0.0
0.03333333333333333	0.049999999999999996
0.0	0.0
0.05416666666666667	0.0625
0.06499999999999999	0.02
0.040789473684210535	0.013157894736842105
0.0375	0.0
0.037500000000000006	0.0125
0.025	0.005
0.0	0.0
0.1375	0.0625
0.025	0.008333333333333333
0.07708333333333335	0.01875
0.041666666666666664	0.008333333333333333
0.0125	0.0
0.10000000000000002	0.041666666666666664
0.109375	0.075
0.05	0.025
0.037500000000000006	0.0375
0.025000000000000005	0.041666666666666664
0.0	0.0
0.034999999999999996	0.01
0.025	0.0
0.037500000000000006	0.012500000000000002
0.11249999999999999	0.0875
0.0	0.0
0.0725	0.0125
0.03571428571428571	0.0
0.04285714285714286	0.014285714285714287
0.008333333333333333	0.0
0.03333333333333333	0.008333333333333333
0.00625	0.0
0.0	0.0
0.0375	0.0625
0.0	0.0
0.029166666666666664	0.0
0.06	0.03
0.0	0.0
0.06666666666666667	0.008333333333333333
0.03214285714285714	0.0
0.023214285714285715	0.026785714285714284
0.05	0.015000000000000003
0.04375	0.0
0.025000000000000005	0.008333333333333333
0.08333333333333333	0.05833333333333333
0.018750000000000003	0.0375
0.06874999999999999	0.0
0.030000000000000006	0.0
0.0	0.0
0.05	0.0875
0.041666666666666664	0.0
0.0	0.041666666666666664
0.0	0.0
0.07023809523809524	0.0071428571428571435
0.044444444444444446	0.008333333333333335
0.075	0.0
0.025	0.0
0.055000000000000014	0.03166666666666667
0.05000000000000001	0.016666666666666666
0.10000000000000002	0.03333333333333333
0.175	0.05
0.025000000000000005	0.0
0.025	0.0
0.037500000000000006	0.0
0.0	0.0
0.05	0.025
0.075	0.005
0.03125	0.0
0.0125	0.0
0.075	0.0125
0.0	0.0
0.025000000000000005	0.008333333333333333
0.075	0.016666666666666666
0.0	0.0
0.016666666666666666	0.016666666666666666
0.008333333333333333	0.016666666666666666
0.075	0.0
0.075	0.0
0.1625	0.05
0.03125	0.10625000000000001
0.0125	0.03125
0.025	0.0125
0.0390625	0.03125
0.05000000000000001	0.008333333333333333
0.1	0.0125
0.015000000000000003	0.005
0.025	0.0
0.025	0.0125
0.034999999999999996	0.015000000000000003
0.049999999999999996	0.017857142857142856
0.0625	0.08125
0.03333333333333333	0.020833333333333332
0.0	0.0
0.041666666666666664	0.022222222222222223
0.018750000000000003	0.0125
0.04375	0.026041666666666664
0	0
0.030000000000000006	0.01
0.03125	0.0078125
0.02	0.0
0.1	0.0
0.075	0.05
0.0	0.05
0.025000000000000005	0.03333333333333333
0.021428571428571432	0.0071428571428571435
0.06527777777777778	0.037500000000000006
0.075	0.008333333333333333
0.05	0.025
0.041666666666666664	0.013888888888888888
0.03333333333333333	0.03333333333333333
0.0	0.0
0.0125	0.0
0.07749999999999999	0.04083333333333334
0.05357142857142857	0.017857142857142856
0.19166666666666665	0.008333333333333333
0.04375	0.028125
0.005	0.0
0.04583333333333334	0.020833333333333332
0.04	0.015000000000000003
0.05	0.05
0.03333333333333333	0.008333333333333333
0.025	0.0
0.035	0.01
0.016666666666666666	0.008333333333333333
0.0	0.0
0.0	0.025
0.016666666666666666	0.11666666666666668
0.03125	0.03125
0.0	0.09375
0.025000000000000005	0.0
0.037500000000000006	0.00625
0.05	0.025
0.0125	0.0
0.0	0.0
0.05	0.0
0.05416666666666667	0.012500000000000002
0.05446428571428572	0.008035714285714287
0	0
0.0125	0.0
0.0375	0.0
0.0	0.0
0.008333333333333333	0.0
0.1625	0.0
0.03333333333333333	0.008333333333333333
0.0625	0.0125
0.015625	0.01875
0.03125	0.00625
0.0875	0.0
0.025000000000000005	0.0
0.05833333333333334	0.03333333333333333
0.025	0.025
0.05	0.025
0.039705882352941195	0.007352941176470588
0.039999999999999994	0.01
0.0	0.0
0.03333333333333333	0.0
0.043750000000000004	0.0
0.0625	0.0125
0.06875	0.14375
0.0	0.0
0.075	0.05
0.03333333333333333	0.0
0.0	0.02
0.17395833333333335	0.026041666666666668
0.00625	0.0
0.09375	0.0
0.025	0.0125
0.05	0.4
0.045138888888888895	0.04722222222222223
0.09999999999999999	0.041666666666666664
0.041666666666666664	0.0625
0.037500000000000006	0.0125
0.03125	0.0375
0.024999999999999998	0.03571428571428571
0.05	0.08
0.028571428571428574	0.017857142857142856
0.0640625	0.021875
0.0	0.0
0.0125	0.0
0.15	0.0625
0.03235294117647059	0.029411764705882353
0.013888888888888888	0.016666666666666666
0.07023809523809524	0.055952380952380955
0.018750000000000003	0.018750000000000003
0.0375	0.08750000000000001
0.05	0.0125
0.041666666666666664	0.016666666666666666
0.015000000000000003	0.08
0.16666666666666666	0.016666666666666666
0.05	0.05
0.05454545454545454	0.015909090909090907
0.05	0.025
0.05833333333333333	0.05833333333333333
0.015	0.034999999999999996
0.049999999999999996	0.0
0.0625	0.024999999999999998
0.07013888888888889	0.011805555555555557
0.0484375	0.0421875
0.018750000000000003	0.0
0.0	0.0
0.0875	0.05
0.065	0.01
0.15	0.1125
0.0625	0.037500000000000006
0.0	0.0
0.0	0.025
0.045	0.005
0.00625	0.0
0.05	0.0125
0.0	0.0
0.05	0.025
0.016666666666666666	0.016666666666666666
0.041666666666666664	0.008333333333333333
0.005	0.025
0.041666666666666664	0.008333333333333333
0.0	0.0
0.0375	0.0225
0.0125	0.0
0.1	0.0125
0.05833333333333333	0.041666666666666664
0.028124999999999997	0.0125
0.02222222222222222	0.005555555555555556
0.0	0.0
0.08333333333333333	0.08333333333333333
0.0	0.0
0.05416666666666667	0.0
0.056249999999999994	0.00625
0.15	0.0625
0.037500000000000006	0.00625
0.0	0.0
0.075	0.0
0.02	0.0425
0.0	0.0
0.0	0.0
0.037500000000000006	0.0125
0.0125	0.0
0.00625	0.0
0.175	0.0625
0.1325	0.0125
0.075	0.0125
0.037500000000000006	0.0
0.0	0.0
0.0	0.0
0.025000000000000005	0.0
0.15	0.15
0.016666666666666666	0.016666666666666666
0.016666666666666666	0.0
0.03333333333333333	0.0
0.041666666666666664	0.016666666666666666
0.075	0.0
0.021875000000000002	0.004166666666666667
0.03	0.02
0.05000000000000001	0.0
0.1	0.125
0.016666666666666666	0.0
0.025	0.00625
0.0	0.0
0.025000000000000005	0.0
0.0625	0.00625
0.03333333333333333	0.008333333333333333
0.04750000000000001	0.0
0.03125	0.11250000000000002
0.06666666666666667	0.029166666666666664
0.049999999999999996	0.05714285714285715
0	0
0.02857142857142857	0.042857142857142864
0.025	0.0125
0.05833333333333333	0.06250000000000001
0.05000000000000001	0.09722222222222221
0.05625	0.0
0.041666666666666664	0.06666666666666667
0.03333333333333333	0.18333333333333335
0.025000000000000005	0.008333333333333333
0.0	0.0
0.03333333333333333	0.016666666666666666
0.025	0.0
0.0	0.025
0.045	0.005
0.016666666666666666	0.008333333333333333
0.1375	0.0
0.0125	0.025
0.025	0.209375
0.075	0.008333333333333333
0.05	0.025
0.0125	0.0
0.07916666666666666	0.05625
0.03333333333333333	0.0
0.049999999999999996	0.0
0.07	0.03
0.0375	0.004166666666666667
0	0
0.125	0.016666666666666666
0.05	0.0
0.025	0.0
0.0	0.0
0.05833333333333333	0.0
0.05	0.025
0.09999999999999999	0.03333333333333333
0.11666666666666668	0.0
0.0	0.075
0.1	0.0
0.03214285714285714	0.03928571428571429
0.052083333333333336	0.010416666666666666
0.025	0.0
0.075	0.024999999999999998
0.04821428571428571	0.02544642857142857
0.06136363636363637	0.03465909090909091
0.016666666666666666	0.0
0.025000000000000005	0.029166666666666664
0.0125	0.0
0.016666666666666666	0.0
0.05	0.025
0.05	0.04375
0.075	0.0625
0.0625	0.33125
0.016666666666666666	0.024999999999999998
0.037500000000000006	0.0
0	0
0.04270833333333334	0.009375000000000001
0.05	0.025
0.075	0.0
0.0875	0.0
0.025000000000000005	0.0
0.014285714285714287	0.0035714285714285718
0.125	0.1
0.016666666666666666	0.06666666666666667
0.0125	0.0125
0.046875	0.296875
0.037500000000000006	0.049999999999999996
0.05	0.025
0.03333333333333333	0.0
0.0	0.0
0.030000000000000006	0.01
0.05	0.05
0.0125	0.0
0.025	0.0125
0.016666666666666666	0.008333333333333333
0.05833333333333333	0.008333333333333333
0.025000000000000005	0.016666666666666666
0.05	0.0125
0.075	0.275
0.075	0.020833333333333332
0.075	0.012500000000000002
0.103125	0.028125
0.0125	0.018750000000000003
0.06160714285714286	0.011607142857142858
0.0	0.0
0.0125	0.0375
0.025	0.0
0.06875	0.03125
0.05	0.075
0.05833333333333333	0.016666666666666666
0.05	0.025
0.025000000000000005	0.008333333333333333
0.0	0.0
0.025	0.0
0.0	0.0
0.05714285714285715	0.014285714285714287
0.0	0.0
0.0	0.0
0.025	0.0125
0.03333333333333333	0.0
0.034999999999999996	0.04
0.04642857142857143	0.03571428571428571
0.025	0.0375
0.041666666666666664	0.0
0.01	0.07
0.0	0.0
0.03125	0.0125
0.0125	0.0
0.0125	0.0
0.08750000000000001	0.0
0.0	0.0
0.06666666666666667	0.09583333333333333
0.025	0.0125
0.05	0.0
0.018750000000000003	0.0125
0.022222222222222223	0.008333333333333335
0.04583333333333334	0.008333333333333333
0.025	0.018750000000000003
0.0375	0.0
0.325	0.0
0.02	0.0
0.125	0.025
0.05	0.025
0.025	0.075
0.008333333333333333	0.004166666666666667
0.0828125	0.0140625
0.045	0.0
0.04642857142857142	0.03571428571428571
0.05	0.075
0.0375	0.0
0.03125000000000001	0.03958333333333333
0.055952380952380955	0.0035714285714285718
0.03333333333333333	0.008333333333333333
0.05500000000000001	0.0125
0.041666666666666664	0.008333333333333333
0.025	0.075
0.15	0.025
0.056249999999999994	0.0125
0.037500000000000006	0.0125
0.11666666666666665	0.016666666666666666
0.1125	0.0
0.0125	0.0
0.125	0.0625
0.018750000000000003	0.0
0.075	0.0
0.075	0.0375
0.075	0.0625
0.15000000000000002	0.01
0.040625	0.146875
0.022222222222222223	0.005555555555555556
0.025	0.0
0.05000000000000001	0.0
0.06666666666666667	0.0
0.034999999999999996	0.0
0.05703125	0.01796875
0.041666666666666664	0.008333333333333333
0.01	0.005
0.06	0.025
0.04780701754385965	0.014473684210526317
0.11666666666666665	0.016666666666666666
0.0	0.0
0.05000000000000001	0.05833333333333333
0.03125	0.0
0.03333333333333333	0.0
0.05	0.025
0.0	0.0
0.039999999999999994	0.0
0.03333333333333333	0.0
0.06071428571428572	0.014285714285714287
0.06999999999999999	0.005
0.0375	0.025
0.033035714285714286	0.02142857142857143
0.125	0.0
0.08611111111111112	0.0
0.05	0.025
0.025	0.0125
0.05333333333333334	0.013333333333333332
0.025	0.0
0.05	0.005
0.19624999999999998	0.0325
0.018750000000000003	0.0
0.060714285714285714	0.08214285714285716
0.0875	0.0
0.037500000000000006	0.0375
0.032031250000000004	0.003125
0.025	0.0
0.025	0.0
0.025	0.0125
0.05	0.025
0.0	0.0
0.03333333333333333	0.0
0.025	0.0125
0.034375	0.028125
0.0625	0.0
0.10000000000000002	0.041666666666666664
0.004545454545454546	0.0
0.05833333333333334	0.03333333333333333
0.05	0.025
0.05	0.4
0.05500000000000001	0.01
0.03125	0.0
0.0125	0.00625
0.0	0.0
0.025	0.005
0.0	0.0
0.00625	0.0
0.075	0.0
0.03214285714285715	0.05714285714285715
0.045	0.0
0.012500000000000002	0.0
0.0	0.0
0	0
0.045	0.0
0.030000000000000006	0.01
0.075	0.0375
0.0125	0.0
0	0
0.025	0.005
0.07232142857142856	0.004464285714285714
0.07500000000000001	0.03
0.04642857142857142	0.02857142857142857
0.03333333333333333	0.008333333333333333
0.041666666666666664	0.012500000000000002
0.0	0.1
0.0125	0.0
0.0125	0.0
0.018750000000000003	0.03125
0.05	0.025
0.11249999999999999	0.025
0.0	0.0
0.0	0.0
0.06875	0.03125
0.04	0.005
0.03333333333333333	0.041666666666666664
0.04375	0.0125
0.11875	0.0
0.025	0.0
0.0125	0.0
0.025000000000000005	0.008333333333333333
0.0	0.0
0.025000000000000005	0.008333333333333333
0.025	0.0125
0.08437500000000002	0.009375
0.05750000000000001	0.02
0.025	0.0
0.041666666666666664	0.012500000000000002
0.025	0.0125
0.0	0.05
0.07500000000000001	0.0
0.025	0.0125
0.046875	0.015625
0.08333333333333333	0.013888888888888888
0.05000000000000001	0.049999999999999996
0.07187500000000001	0.013541666666666667
0	0
0.11500000000000002	0.025
0.049999999999999996	0.0203125
0.04444444444444444	0.052777777777777785
0.05416666666666667	0.012500000000000002
0.03125	0.0
0.07916666666666666	0.008333333333333333
0.015000000000000003	0.005
0.037500000000000006	0.05
0.04583333333333333	0.0
0.05833333333333333	0.049999999999999996
0.037500000000000006	0.0125
0.025	0.0
0.05	0.025
0.025000000000000005	0.008333333333333333
0.025	0.0125
0.03333333333333333	0.016666666666666666
0.04583333333333334	0.004166666666666667
0.0	0.0
0.05625	0.0625
0.04583333333333334	0.0
0.0125	0.0
0.034999999999999996	0.015000000000000003
0.05208333333333334	0.03194444444444445
0.05	0.025
0.040625	0.0125
0.05625	0.0
0.045	0.025
0.03125	0.0
0.05	0.03125
0.05000000000000001	0.0
0	0
0.037500000000000006	0.0
0.075	0.016666666666666666
0.0	0.0
0.036538461538461534	0.021153846153846155
0.0	0.325
0.0125	0.00625
0.05	0.05
0.02	0.005
0.07272727272727274	0.004545454545454546
0.10416666666666667	0.004166666666666667
0.025	0.0
0.025	0.005
0.075	0.049999999999999996
0.0125	0.0
0.025	0.0125
0.025	0.0125
0.05000000000000001	0.005555555555555556
0.03333333333333333	0.008333333333333333
0.06000000000000001	0.015
0.024999999999999998	0.016666666666666666
0.0625	0.0
0.0640625	0.0203125
0.05	0.0
0.03333333333333333	0.025000000000000005
0.121875	0.109375
0.0	0.0
0.0075000000000000015	0.005
0.0	0.03
0.025	0.0
0.04375	0.018750000000000003
0.09166666666666667	0.008333333333333333
0.06874999999999999	0.008333333333333333
0.042499999999999996	0.0025
0.0125	0.0
0.03333333333333333	0.016666666666666666
0.08333333333333333	0.03333333333333333
0.1625	0.0125
0.008333333333333333	0.0
0.025	0.025
0.059375	0.015625
0.025000000000000005	0.004166666666666667
0.042274305555555565	0.028385416666666673
0.0475	0.042499999999999996
0.0	0.0
0.045	0.01
0.029166666666666664	0.029166666666666664
0.037500000000000006	0.0125
0.045	0.05500000000000001
0.05000000000000001	0.0
0.06875	0.0
0.0	0.0
0.01875	0.05
0.004166666666666667	0.0
0.0125	0.0
0.025	0.005
0.020833333333333332	0.029166666666666664
0.15	0.049999999999999996
0.037500000000000006	0.0125
0.06666666666666668	0.013333333333333332
0.05	0.0125
0.0734375	0.0859375
0.049999999999999996	0.008333333333333333
0.00625	0.003125
0.024999999999999998	0.0071428571428571435
0.03333333333333333	0.008333333333333333
0.0	0.0
0.015000000000000003	0.005
0.07	0.03
0.0	0.1875
0.06875	0.0
0.016666666666666666	0.024999999999999998
0.04583333333333334	0.004166666666666667
0.020833333333333332	0.012500000000000002
0.09	0.05
0.05	0.025
0.01875	0.05
0.13749999999999998	0.020833333333333332
0.05	0.0125
0.025000000000000005	0.0
0.0	0.0
0.06666666666666667	0.075
0.025	0.0125
0.0475	0.0
0.09375	0.04375
0.0	0.0
0.05113636363636364	0.020454545454545454
0.0625	0.025
0.0625	0.025
0.09166666666666667	0.041666666666666664
0.0375	0.0125
0.06666666666666667	0.004166666666666667
0.07656249999999999	0.0296875
0.049999999999999996	0.041666666666666664
0.00625	0.0
0.05833333333333333	0.0
0.030000000000000006	0.01
0.05	0.005
0.016666666666666666	0.0
0.020833333333333332	0.029166666666666664
0.008333333333333333	0.0
0.016666666666666666	0.008333333333333333
0.0875	0.1
0.05511363636363637	0.011931818181818182
0.06874999999999999	0.0125
0.016666666666666666	0.008333333333333333
0.03333333333333333	0.016666666666666666
0.05	0.025
0.027083333333333334	0.09375
0.0375	0.012500000000000002
0.05833333333333333	0.008333333333333333
0.024999999999999998	0.008333333333333333
0.016666666666666666	0.008333333333333333
0.049999999999999996	0.008333333333333333
0.041666666666666664	0.008333333333333333
0.0625	0.018750000000000003
0.08249999999999999	0.005
0.125	0.025
0.04404761904761905	0.014285714285714287
0.049999999999999996	0.025
0.0125	0.0
0.05	0.034999999999999996
0.059375	0.024999999999999998
0.056249999999999994	0.0125
0.02857142857142857	0.017857142857142856
0.1	0.4
0.025	0.0
0.0	0.0
0.052272727272727276	0.028787878787878786
0.06666666666666667	0.04583333333333334
0.025000000000000005	0.0
0.056249999999999994	0.034375
0.025	0.025
0.024999999999999998	0.014285714285714287
0.054166666666666675	0.016666666666666666
0.030000000000000006	0.015000000000000003
0.0375	0.015625
0.056249999999999994	0.08125
0.08125	0.05
0.03333333333333333	0.008333333333333333
0.016666666666666666	0.008333333333333333
0.025	0.0
0.025000000000000005	0.008333333333333333
0.04	0.025
0.0	0.0
0.0	0.0
0.0	0.0
0.09166666666666667	0.05625
0.05500000000000001	0.025
0.05	0.037500000000000006
0.05000000000000001	0.008333333333333333
0.039999999999999994	0.0
0.0625	0.0625
0.025	0.0
0.00625	0.0
0.0625	0.03125
0.034999999999999996	0.015000000000000003
0.016666666666666666	0.0
0.0625	0.0625
0.029166666666666664	0.057291666666666664
0.07380952380952381	0.03928571428571429
0.06	0.01
0.03214285714285715	0.03571428571428571
0.05	0.025
0.05	0.0
0.0125	0.0
0.0	0.0
0.07142857142857142	0.03214285714285714
0.040625	0.003125
0.049999999999999996	0.008333333333333333
0.03333333333333333	0.016666666666666666
0.008333333333333333	0.05833333333333333
0.030000000000000006	0.085
0.0	0.0
0.05833333333333333	0.020833333333333332
0.05625	0.00625
0.05833333333333333	0.0
0.03333333333333333	0.05357142857142857
0.018750000000000003	0.0
0.025	0.009375000000000001
0.08125	0.05
0.018750000000000003	0.03125
0.01640625	0.0
0.04642857142857142	0.04642857142857143
0.04642857142857143	0.0071428571428571435
0.06666666666666667	0.0125
0.029166666666666664	0.03819444444444445
0.08333333333333333	0.19166666666666665
0.11041666666666666	0.01875
0.03333333333333333	0.0
0.025000000000000005	0.008333333333333333
0.16666666666666666	0.016666666666666666
0.045	0.005
0.04285714285714286	0.0
0.016666666666666666	0.008333333333333333
0.075	0.034999999999999996
0.049999999999999996	0.03333333333333333
0.06666666666666668	0.038888888888888896
0.028125000000000004	0.0
0.05666666666666667	0.03333333333333333
0.0125	0.0
0.05	0.037500000000000006
0.025	0.01
0.06875	0.049999999999999996
0.049999999999999996	0.008333333333333333
0.00625	0.0
0.075	0.041666666666666664
0.075	0.0
0.03125	0.00625
0.05	0.025
0.016666666666666666	0.0
0.0125	0.0
0.04285714285714286	0.010714285714285714
0.028645833333333332	0.01875
0.00625	0.03125
0.06666666666666668	0.0
0.1	0.0
0.075	0.03333333333333333
0.07916666666666666	0.008333333333333333
0.0	0.0
0.0125	0.0
0.0	0.0
0.05	0.01
0.07222222222222223	0.06666666666666668
0.05	0.025
0.025	0.0125
0.005	0.0
0.01875	0.0
0.0	0.0
0.0	0.0
0.0	0.0
0.0	0.0
0.0828125	0.0140625
0.015000000000000003	0.02
0.025000000000000005	0.0
0.0	0.0
0.025	0.0125
0.005	0.0
0.0	0.0
0.0125	0.0
0.0	0.0
0.15000000000000002	0.0
0.07083333333333333	0.024999999999999998
0.125	0.025
0.02	0.034999999999999996
0.00625	0.0
0.025000000000000005	0.0
0.03333333333333333	0.0
0.05	0.1
0.041666666666666664	0.03055555555555555
0.06666666666666667	0.008333333333333333
0.0125	0.0
0.475	0.05
0.016666666666666666	0.016666666666666666
0.024999999999999998	0.016666666666666666
0.037500000000000006	0.025
0.03333333333333333	0.008333333333333333
0.025	0.0
0.016666666666666666	0.008333333333333333
0.034999999999999996	0.005
0.0	0.09375
0.0	0.0
0.024999999999999998	0.08333333333333333
0.016666666666666666	0.0
0.060714285714285714	0.0071428571428571435
0.037500000000000006	0.0125
0.05	0.025
0.020833333333333332	0.008333333333333333
0.05	0.025
0.025	0.0
0.021875	0.003125
0.1375	0.037500000000000006
0.016666666666666666	0.041666666666666664
0.0625	0.0
0.016666666666666666	0.0
0.03333333333333333	0.008333333333333333
0.05	0.025
0.037500000000000006	0.0125
0.05703125	0.00625
0.05	0.0
0.018750000000000003	0.00625
0.0	0.0
0.0	0.0
0.0625	0.0
0.10625000000000001	0.025
0.10833333333333334	0.08333333333333333
0.0875	0.1
0	0
0.05	0.0
0.07500000000000001	0.025
0.041666666666666664	0.024999999999999998
0.125	0.0625
0.0	0.0
0.05	0.05
0.1142857142857143	0.024999999999999998
0.025	0.0
0.0125	0.00625
0.03333333333333333	0.008333333333333333
0.037500000000000006	0.0
0.05	0.025
0.012500000000000002	0.024999999999999998
0.037500000000000006	0.0625
0.05	0.025
0.06718750000000001	0.057638888888888885
0.05833333333333333	0.08333333333333333
0.04642857142857143	0.0
0.045	0.030000000000000006
0.030555555555555558	0.10555555555555557
0.05	0.025
0.016666666666666666	0.008333333333333333
0.0	0.0
0.05000000000000001	0.008333333333333333
0.08499999999999999	0.01
0.08333333333333333	0.016666666666666666
0.0125	0.0
0.05625	0.10625
0.06444444444444444	0.021666666666666667
0.028125	0.1
0.019117647058823534	0.0029411764705882353
0.0625	0.0
0.025000000000000005	0.008333333333333333
0.075	0.0
0.0	0.0
0.0	0.0
0.0	0.0
0.0	0.0
0.07500000000000001	0.03125
0.008333333333333333	0.0
0.09166666666666667	0.041666666666666664
0.014285714285714287	0.07142857142857142
0.0	0.0
0.03333333333333333	0.016666666666666666
0.025	0.0125
0.0125	0.0
0.0475	0.005
0.10625	0.09375
0.05	0.025
0.1625	0.008333333333333333
0.03	0.0
0.025	0.0
0.05	0.025
0.05	0.0
0.0	0.0
0.018750000000000003	0.00625
0.05	0.05
0.05892857142857144	0.025
0.06136363636363637	0.03863636363636364
0.025	0.075
0.025	0.075
0.03125	0.14375
0.024999999999999998	0.041666666666666664
0.05	0.025
0.05	0.025
0.10500000000000001	0.08499999999999999
0.05	0.0
0.037500000000000006	0.0125
0.05	0.025
0.025	0.0
0.02	0.025
0.05	0.1125
0.04375	0.0
0.0	0.0
0.05	0.0
0.02941176470588236	0.0
0.03035714285714286	0.048214285714285716
0.0	0.0
0.05432692307692309	0.015865384615384615
0.056666666666666664	0.05500000000000001
0.01666666666666667	0.002777777777777778
0.08333333333333333	0.016666666666666666
0.05	0.045
0.037500000000000006	0.2
0.008333333333333333	0.0
0.04642857142857143	0.0035714285714285718
0.018750000000000003	0.00625
0.04404761904761905	0.028571428571428574
0.10000000000000002	0.0
0.0375	0.1
0.0125	0.0
0.030000000000000006	0.04
0.05703125	0.06640625
0.040625	0.03125
0.0125	0.0
0.0125	0.0
0.065	0.0325
0.025	0.037500000000000006
0.0375	0.025
0.016666666666666666	0.13333333333333333
0.01	0.0
0.0375	0.025
0.016666666666666666	0.13333333333333333
0.01	0.0
0.06785714285714287	0.02142857142857143
0.0625	0.09375
0.03	0.0
0.0	0.0
0.0475	0.005
0.03333333333333333	0.016666666666666666
0.04666666666666667	0.005
0.008333333333333333	0.03333333333333333
0.04642857142857143	0.0
0.11875000000000001	0.018750000000000003
0.016666666666666666	0.008333333333333333
0.07638888888888888	0.029166666666666664
0.023214285714285715	0.05714285714285715
0.037500000000000006	0.0125
0.05625	0.103125
0.03928571428571429	0.024999999999999998
0.025	0.0375
0.025	0.0125
0.10833333333333334	0.02361111111111111
0.037500000000000006	0.0
0.025	0.0125
0.075	0.05
0.034166666666666665	0.054166666666666675
0.025	0.0125
0.022727272727272728	0.002272727272727273
0.05	0.03125
0	0
0.029166666666666664	0.03333333333333333
0.010714285714285716	0.06071428571428572
0.008333333333333333	0.11458333333333333
0.03333333333333333	0.016666666666666666
0.008333333333333333	0.0
0.025000000000000005	0.008333333333333333
0.05	0.025
0.018750000000000003	0.0
0.030000000000000006	0.01
0.04285714285714286	0.10714285714285716
0.07426470588235295	0.027205882352941177
0.025	0.0
0.025000000000000005	0.13333333333333333
0.05	0.025
0.034999999999999996	0.01
0.037500000000000006	0.0125
0.10833333333333334	0.1375
0.05	0.018750000000000003
0.0125	0.03125
0.025	0.00625
0.03333333333333333	0.020833333333333332
0.036250000000000004	0.052500000000000005
0.0576923076923077	0.024999999999999998
0.025	0.0125
0.008333333333333333	0.0
0.015000000000000003	0.0
0.024999999999999998	0.0035714285714285718
0.041666666666666664	0.016666666666666666
0.05833333333333333	0.03333333333333333
0.025	0.0125
0.16	0.005
0.07222222222222223	0.011111111111111112
0.05833333333333333	0.029166666666666664
0.03333333333333333	0.016666666666666666
0.03333333333333333	0.016666666666666666
0.0	0.0
0.02222222222222222	0.04722222222222222
0.049999999999999996	0.06666666666666667
0.042499999999999996	0.005
0.052083333333333336	0.05416666666666667
0.0475	0.030000000000000006
0.008333333333333333	0.0
0.025	0.1125
0.07589285714285714	0.033035714285714286
0.05	0.0
0.025	0.00625
0.030263157894736846	0.011842105263157893
0.025	0.0125
0.01	0.0
0.025	0.0
0.07500000000000001	0.0
0.025	0.0125
0.125	0.0375
0.06666666666666667	0.075
0.008333333333333333	0.024999999999999998
0.017857142857142856	0.0035714285714285718
0.025000000000000005	0.008333333333333333
0.015000000000000003	0.0
0.029166666666666664	0.05416666666666667
0.0	0.0
0.145	0.025
0.00625	0.0
0.037500000000000006	0.0125
0.04285714285714286	0.02142857142857143
0.018750000000000003	0.00625
0.016666666666666666	0.041666666666666664
0.010416666666666666	0.008333333333333333
0.03571428571428571	0.010714285714285716
0.025000000000000005	0.041666666666666664
0.045	0.034999999999999996
0.004166666666666667	0.0
0.025	0.0
0.03333333333333333	0.10833333333333334
0.11339285714285714	0.12500000000000003
0.0125	0.00625
0	0
0.03333333333333333	0.0
0.043750000000000004	0.0
0.02	0.025
0.0125	0.0125
0.0	0.0
0.05	0.025
0.03571428571428571	0.0071428571428571435
0.03571428571428571	0.027380952380952377
0.025	0.0125
0	0
0.040625	0.0125
0.071875	0.1015625
0.05	0.00625
0.09375000000000001	0.0125
0.13333333333333333	0.05833333333333333
0.16875	0.0
0.025	0.0
0.05833333333333333	0.008333333333333333
0.0125	0.00625
0.05416666666666666	0.0
0.05	0.025
0.0625	0.0
0.025	0.00625
0.0	0.0
0.04	0.005
0.0125	0.0
0.045	0.01
0.06249999999999999	0.05625
0.025	0.0
0.06785714285714287	0.014285714285714287
0.06666666666666667	0.0
0.037500000000000006	0.0125
0.00625	0.0
0.0	0.0
0.1625	0.075
0.034375	0.00625
0.025000000000000005	0.008333333333333333
0.016666666666666666	0.03333333333333333
0.05	0.025
0.037500000000000006	0.025
0.0	0.0
0.05	0.0
0.05	0.025
0.075	0.125
0.06666666666666667	0.0
0.05916666666666668	0.0325
0.04583333333333333	0.024999999999999998
0.07499999999999998	0.01
0.075	0.008333333333333333
0.02	0.005
0.0125	0.3125
0.0125	0.025
0.05	0.025
0.06785714285714287	0.0071428571428571435
0.0	0.05
0.025	0.0125
0.0	0.1875
0.025	0.0
0.05	0.025
0.0625	0.0625
0.056249999999999994	0.0375
0.0	0.0
0.0125	0.3125
0.11458333333333333	0.016666666666666666
0.04	0.015000000000000003
0.04	0.039999999999999994
0.03333333333333333	0.008333333333333333
0.05833333333333333	0.012500000000000002
0.0	0.10416666666666667
0.05	0.0125
0.016666666666666666	0.0
0.0875	0.0
0.025000000000000005	0.13333333333333333
0.025	0.0
0.025	0.0
0.05833333333333333	0.016666666666666666
0.025000000000000005	0.025000000000000005
0.06499999999999999	0.005
0	0
0.10000000000000002	0.0
0.02	0.02
0.078125	0.153125
0.012500000000000002	0.004166666666666667
0.0	0.0
0.075	0.13333333333333333
0.09375	0.0
0.0	0.0
0.06666666666666667	0.008333333333333333
0.025	0.075
0.05	0.025
0.04583333333333334	0.03333333333333333
0.008333333333333333	0.0
0.025	0.005
0.0	0.0
0.0375	0.0
0.037500000000000006	0.021875
0.00625	0.0
0.09375000000000001	0.0125
0.025000000000000005	0.008333333333333333
0.065625	0.021875
0.030000000000000006	0.02
0.025000000000000005	0.008333333333333333
0.0	0.0
0.025	0.0
0.08055555555555556	0.09166666666666667
0.03333333333333333	0.0
0.0125	0.0
0.0	0.0
0.0125	0.00625
0.1416666666666667	0.0
0.016666666666666666	0.0
0.05	0.025
0.0	0.0
0.04375	0.04375
0.025	0.0
0.0	0.0
0.0125	0.0
0.07678571428571428	0.044642857142857144
0.03333333333333333	0.008333333333333333
0.04807692307692308	0.01730769230769231
0.0	0.0
0.025	0.0
0.05	0.025
0.00625	0.04375
0.0125	0.03125
0.037500000000000006	0.0125
0.07083333333333333	0.020833333333333332
0.00625	0.0
0.0125	0.0
0.1375	0.0625
0.05	0.025
0.03125	0.015625
0.05357142857142857	0.04642857142857143
0.07500000000000001	0.025
0.0	0.0
0.09375	0.010416666666666666
0.015625	0.003125
0.016666666666666666	0.012500000000000002
0.03333333333333333	0.008333333333333333
0.03333333333333333	0.0
0.06517857142857143	0.011607142857142858
0.0	0.0
0.018750000000000003	0.07500000000000001
0.06874999999999999	0.043750000000000004
0.075	0.0035714285714285718
0.065625	0.06875
0.05000000000000001	0.016666666666666666
0.037500000000000006	0.0125
0.01	0.02
0.04375	0.0
0.025	0.0
0.0	0.0
0.15	0.0
0.025	0.0
0.0375	0.0125
0.0	0.0
0.04642857142857143	0.03571428571428571
0.025	0.0125
0.05	0.025
0.03333333333333333	0.016666666666666666
0	0
0.016666666666666666	0.0
0.06	0.005
0.05714285714285714	0.0035714285714285718
0.0	0.0
0.08125	0.02291666666666667
0.05	0.015000000000000003
0.05	0.025
0.1	0.0125
0.0625	0.0
0.04	0.005
0.03333333333333333	0.025000000000000005
0.025	0.0125
0.025	0.0
0.025	0.00625
0.010714285714285716	0.024999999999999998
0.0640625	0.0203125
0.04642857142857143	0.017857142857142856
0.04318181818181818	0.00681818181818182
0.05625	0.018750000000000003
0.0515625	0.003125
0.03333333333333333	0.0
0.03333333333333333	0.008333333333333333
0.03928571428571428	0.017857142857142856
0.04375	0.10625
0.025	0.0125
0.03214285714285715	0.0035714285714285718
0.06	0.005
0.025	0.01875
0.06785714285714287	0.02142857142857143
0.0625	0.0
0.06875	0.0
0.005	0.0
0.025	0.00625
0.025	0.00625
0.043750000000000004	0.00625
0.025	0.0
0.0625	0.0
0.025000000000000005	0.004166666666666667
0.0375	0.025
0.15	0.01
0.08333333333333333	0.03333333333333333
0.061250000000000006	0.03125
0.0890625	0.0140625
0.025	0.00625
0.0	0.024999999999999998
0.03333333333333333	0.008333333333333333
0.027499999999999997	0.019999999999999997
0.04285714285714286	0.07857142857142858
0.016666666666666666	0.08750000000000001
0.06250000000000001	0.08750000000000001
0.10000000000000002	0.008333333333333333
0.0	0.0
0.0125	0.0
0.041666666666666664	0.03333333333333334
0.010714285714285716	0.09107142857142858
0.05500000000000001	0.01
0.075	0.0
0.056249999999999994	0.06875
0.0	0.0
0.0125	0.0
0.0	0.03333333333333333
0.05	0.025
0.02	0.01
0.04	0.01
0.05	0.025
0.0125	0.0
0.037500000000000006	0.0125
0.027500000000000004	0.0075000000000000015
0.025	0.0
0.06875	0.05
0.05500000000000001	0.05500000000000001
0.06666666666666667	0.05833333333333333
0.03250000000000001	0.015
0.0625	0.095
0.06388888888888888	0.03611111111111111
0.025	0.0125
0.04	0.015000000000000003
0.0375	0.004166666666666667
0.025	0.0125
0.0	0.0
0.042857142857142864	0.042857142857142864
0.0125	0.00625
0.05	0.0
0.0	0.016666666666666666
0.01875	0.028571428571428574
0.0375	0.004166666666666667
0.025	0.0
0.008333333333333333	0.024999999999999998
0.08125	0.0625
0.025	0.0
0.0875	0.05
0.065	0.01
0.016666666666666666	0.008333333333333333
0.08541666666666665	0.15208333333333332
0.05000000000000001	0.0
0.10833333333333334	0.041666666666666664
0.12142857142857143	0.03928571428571428
0.0125	0.00625
0.04523809523809526	0.008333333333333333
0.15	0.008333333333333333
0.029166666666666664	0.014583333333333332
0.0625	0.0625
0.0	0.1
0.0125	0.0
0.11041666666666666	0.01875
0.075	0.018750000000000003
0.09375	0.0
0.03214285714285715	0.0
0.041666666666666664	0.008333333333333333
0.025	0.0035714285714285718
0.0125	0.0625
0.0	0.0
0.0	0.0
0.05	0.0125
0.008333333333333333	0.006250000000000001
0.08750000000000001	0.075
0.0	0.0
0.05	0.125
0.015000000000000003	0.0
0	0
0.08333333333333333	0.024999999999999998
0.05	0.025
0.0	0.0
0.05625	0.10625
0.0125	0.0
0.015	0.0
0.037500000000000006	0.0125
0.09999999999999999	0.03333333333333333
0.05	0.05
0.030000000000000006	0.034999999999999996
0.05	0.025
0.03333333333333333	0.008333333333333333
0.0	0.0
0.1	0.0625
0	0
0.03333333333333333	0.0
0.125	0.125
0.041666666666666664	0.008333333333333333
0.04583333333333334	0.0375
0.05	0.025
0.020833333333333332	0.004166666666666667
0.05	0.025
0.0125	0.00625
0.125	0.05
0.046666666666666676	0.02333333333333333
0.018750000000000003	0.0
0.04375	0.024999999999999998
0	0
0.016666666666666666	0.0
0.025	0.0125
0.0	0.0
0.05	0.025
0.04166666666666668	0.014583333333333332
0.025	0.0125
0	0
0.016666666666666666	0.0
0.021875	0.153125
0.06770833333333333	0.009375
0.025	0.0125
0.065625	0.04687500000000001
0.15	0.075
0.05357142857142858	0.024999999999999998
0.025	0.0
0.08125	0.03125
0.0	0.0
0.03333333333333333	0.049999999999999996
0.0125	0.0
0.15625	0.09375
0.030000000000000006	0.01
0.05	0.025
0.05	0.00625
0.045000000000000005	0.0075000000000000015
0.0	0.0
0.05000000000000001	0.08333333333333333
0.024999999999999998	0.014285714285714287
0.06	0.02
0.025	0.025
0.037500000000000006	0.0125
0.025	0.0
0.1375	0.05625
0.03928571428571429	0.0035714285714285718
0.05	0.0
0.06249999999999999	0.0
0.05	0.025
0.06458333333333334	0.03333333333333333
0.0	0.0
0.05833333333333333	0.0
0.0	0.0
0.09999999999999999	0.049999999999999996
0.125	0.07
0.1	0.05
0.03333333333333333	0.024999999999999998
0.05	0.025
0.09166666666666667	0.025000000000000005
0.09166666666666667	0.10833333333333334
0.05	0.0125
0.0125	0.0125
0.01	0.01
0.08	0.0
0.09375	0.08125
0.034999999999999996	0.025
0.05	0.075
0.05	0.075
0.037500000000000006	0.0
0.05	0.0
0.016666666666666666	0.0
0.037500000000000006	0.0
0.06874999999999999	0.0375
0.049999999999999996	0.05833333333333333
0.016666666666666666	0.0
0.05	0.025
0.05416666666666666	0.016666666666666666
0.025	0.0125
0.025	0.00625
0.025	0.0
0.01	0.01
0.025	0.0125
0.0125	0.0
0.0	0.0
0.0	0.0
0.021875000000000002	0.0
0.15	0.0
0.05	0.025
0.0425	0.0025
0.0	0.0
0.05	0.0
0.10833333333333332	0.008333333333333333
0.025	0.00625
0.025	0.0125
0.05	0.0125
0.0	0.0
0.0375	0.0375
0.05833333333333333	0.0
0.0125	0.010416666666666666
0.025	0.005
0.041666666666666664	0.0
0.0	0.0
0.11875000000000001	0.01875
0.018750000000000003	0.0
0.0	0.0
0.0	0.0
0.03125	0.018750000000000003
0.09791666666666667	0.0
0.05000000000000001	0.008333333333333333
0.05	0.025
0.043750000000000004	0.0
0.03571428571428571	0.014285714285714287
0.034999999999999996	0.015000000000000003
0.09166666666666667	0.10833333333333334
0.05	0.1
0.03125	0.0
0.034999999999999996	0.01
0.05	0.075
0.075	0.1
0.046875	0.0625
0.037500000000000006	0.0125
0.025000000000000005	0.008333333333333333
0.05	0.025
0.075	0.008333333333333333
0.05	0.025
0.0	0.0
0.0	0.0
0.1	0.0125
0.025	0.025
0.03125	0.03125
0.05	0.025
0.03928571428571429	0.02142857142857143
0.05	0.0125
0.05	0.025
0.03125	0.0125
0.015000000000000003	0.005
0.0125	0.0
0.05833333333333333	0.0
0.0	0.0
0.025	0.01
0.008333333333333333	0.012499999999999999
0.016666666666666666	0.008333333333333333
0.025	0.0125
0.05	0.0
0.05000000000000001	0.004166666666666667
0.05	0.025
0.05535714285714286	0.1125
0.0375	0.00625
0.05	0.0125
0.016666666666666666	0.0
0.0	0.025
0.0	0.0
0.0	0.0
0.09166666666666667	0.041666666666666664
0.057142857142857155	0.014285714285714287
0.08437499999999999	0.15937500000000002
0.0375	0.0125
0.00625	0.00625
0.0	0.0
0.008333333333333333	0.0
0.04375	0.01875
0.049999999999999996	0.008333333333333333
0.05	0.025
0.04375	0.00625
0.1125	0.00625
0.035	0.005
0.005	0.005
0.28125	0.03125
0.0	0.0
0.05	0.075
0.0	0.0
0.025	0.0
0.0	0.0
0.11041666666666668	0.004166666666666667
0.05357142857142858	0.0071428571428571435
0.096875	0.043750000000000004
0.0	0.0
0.02375	0.09
0.0125	0.0
0.06666666666666667	0.05714285714285715
0.034999999999999996	0.01
0.041666666666666664	0.004166666666666667
0.1	0.0125
0.025	0.0125
0.075	0.016666666666666666
0.008333333333333333	0.0
0.0875	0.078125
0.03333333333333333	0.016666666666666666
0.0828125	0.0140625
0.037500000000000006	0.0
0.05	0.046875
0.04375	0.01875
0.02	0.015000000000000003
0.0	0.0
0.0625	0.23750000000000002
0.0875	0.0125
0.0	0.008333333333333333
0.0	0.0
0.025	0.0125
0.025	0.0
0.0	0.0125
0.05833333333333333	0.008333333333333333
0.03125	0.0625
0.0625	0.0
0.07500000000000001	0.037500000000000006
0.0	0.0
0.049999999999999996	0.01875
0.09375	0.03125
0.02142857142857143	0.05
0.0875	0.0
0.0	0.0
0.0	0.0
0.03333333333333333	0.0
0.058333333333333334	0.005555555555555556
0.06666666666666667	0.0
0.07946428571428572	0.022321428571428572
0.0125	0.0
0.037500000000000006	0.0125
0.025	0.0125
0.0125	0.07291666666666666
0.016666666666666666	0.0
0.016666666666666666	0.008333333333333333
0.03125	0.01875
0.041666666666666664	0.03611111111111112
0.025	0.0125
0.25277777777777777	0.008333333333333333
0.058750000000000004	0.024999999999999998
0.029166666666666664	0.0
0.03461538461538462	0.01153846153846154
0.0625	0.0125
0.0125	0.0
0.018750000000000003	0.00625
0.05	0.0125
0.0892857142857143	0.0071428571428571435
0.025000000000000005	0.0
0.0125	0.025
0.0	0.0
0.15625	0.0
0.10000000000000002	0.041666666666666664
0.0	0.0
0.008333333333333333	0.15
0.03	0.0025
0.041666666666666664	0.03333333333333333
0.03125	0.00625
0.0	0.0
0.041666666666666664	0.008333333333333333
0.034999999999999996	0.05500000000000001
0.1125	0.03125
0.041666666666666664	0.008333333333333333
0.00625	0.0
0.15	0.008333333333333333
0.025	0.0125
0.075	0.0
0.025	0.0125
0.07500000000000001	0.09166666666666667
0.0975	0.015
0.09166666666666667	0.041666666666666664
0.0035714285714285718	0.0035714285714285718
0.049999999999999996	0.0
0.05	0.0
0.1	0.0
0.21666666666666667	0.008333333333333333
0.06666666666666667	0.0
0.037500000000000006	0.0125
0.025	0.025
0.0	0.0
0.025000000000000005	0.025000000000000005
0.06875	0.0125
0.075	0.06041666666666667
0.016666666666666666	0.024999999999999998
0.05	0.025
0.01875	0.003125
0.0	0.0
0	0
0.01	0.015
0.02	0.01
0.02727272727272727	0.025
0.04375	0.00625
0.05833333333333333	0.08333333333333333
0.016666666666666666	0.0
0	0
0.05	0.025
0.05	0.025
0.0125	0.00625
0.05	0.025
0.024999999999999998	0.0035714285714285718
0.03076923076923077	0.017307692307692305
0.08750000000000001	0.08333333333333333
0.037500000000000006	0.0125
0.03333333333333333	0.004166666666666667
0.05833333333333333	0.0
0.0828125	0.0140625
0.06666666666666667	0.008333333333333333
0.05	0.0
0.0	0.0
0.08125	0.11458333333333333
0.0875	0.0125
0	0
0.025000000000000005	0.008333333333333333
0.0625	0.05
0.03571428571428571	0.15238095238095237
0.10833333333333334	0.049999999999999996
0.075	0.0375
0.03	0.02
0.05833333333333333	0.016666666666666666
0.025	0.0125
0.025	0.025
0.0	0.016666666666666666
0.008333333333333333	0.0
0.037500000000000006	0.0125
0.026562500000000003	0.021875
0.049999999999999996	0.004166666666666667
0.02142857142857143	0.0035714285714285718
0.0125	0.0
0.08333333333333333	0.041666666666666664
0.03	0.0
0.0	0.0
0.05750000000000001	0.057499999999999996
0.0	0.0
0.008333333333333333	0.0
0.075	0.0
0.0	0.0
0.065	0.0
0.025	0.0
0.0125	0.0
0.0	0.0
0.025	0.0125
0.041666666666666664	0.041666666666666664
0.06	0.0
0.037500000000000006	0.05
0.025	0.00625
0.04	0.01
0.037500000000000006	0.00625
0	0
0.025	0.0375
0.09999999999999999	0.041666666666666664
0.10694444444444444	0.004166666666666667
0.045	0.005
0.05	0.15
0	0
0.0	0.0
0.05357142857142857	0.0035714285714285718
0.04375	0.0
0.0	0.0
0.025	0.0
0.06499999999999999	0.015000000000000003
0.025	0.09375
0.0375	0.0625
0.1	0.05
0.025	0.0125
0.049999999999999996	0.008333333333333333
0.0	0.0
0.10625000000000001	0.03125
0.034999999999999996	0.0
0.07401315789473685	0.010855263157894736
0.05	0.0
0.10625	0.0
0.025	0.0
0.008333333333333333	0.024999999999999998
0.03625	0.00625
0.05	0.0
0.0	0.0
0.03020833333333333	0.05208333333333333
0.0875	0.00625
0.025	0.0125
0.06907894736842106	0.03881578947368421
0.03421052631578948	0.005263157894736842
0	0
0.025	0.0
0.0	0.0
0.016666666666666666	0.025000000000000005
0.125	0.045
0.008333333333333333	0.020833333333333332
0.0875	0.0125
0.05833333333333333	0.0
0.05	0.025
0.025	0.0125
0.06875	0.0125
0.1875	0.018750000000000003
0.0125	0.00625
0.034999999999999996	0.01
0.09375	0.078125
0.025000000000000005	0.008333333333333333
0.05	0.025
0.0125	0.0
0.0	0.0
0.07	0.045
0.1125	0.0375
0.030000000000000006	0.005
0.0875	0.00625
0.06666666666666667	0.025000000000000005
0.0125	0.018750000000000003
0.041666666666666664	0.008333333333333333
0.1140625	0.08281250000000001
0.03333333333333333	0.049999999999999996
0.016666666666666666	0.008333333333333333
0.05	0.015625
0.0625	0.037500000000000006
0.08333333333333333	0.041666666666666664
0.15625	0.0
0.041666666666666664	0.008333333333333333
0.016666666666666666	0.008333333333333333
0.06666666666666667	0.0
0.09166666666666667	0.041666666666666664
0.0	0.0
0.075	0.0625
0.05	0.025
0.025	0.0
0.02	0.06
0.1	0.0
0.03928571428571428	0.10714285714285714
0.05	0.0
0.038125	0.01625
0	0
0.1	0.0125
0.00625	0.0
0.040625	0.009375
0.05000000000000001	0.0
0.025	0.0
0.0	0.0
0.07857142857142858	0.014285714285714287
0.0	0.0
0.058750000000000004	0.03
0.0	0.0
0.037500000000000006	0.025
0.04375	0.00625
0.05703125	0.060937500000000006
0.063125	0.003125
0.025000000000000005	0.0
0.041666666666666664	0.044444444444444446
0.005	0.15
0.016666666666666666	0.008333333333333333
0	0
0.00625	0.0
0.05	0.0
0.06666666666666667	0.008333333333333333
0.0	0.0
0.25	0.225
0.025	0.0
0.08333333333333333	0.041666666666666664
0.0	0.0
0.075	0.0
0.0	0.0
0.0	0.0
0.11250000000000002	0.0
0.037500000000000006	0.0
0.05833333333333333	0.008333333333333333
0.3125	0.1875
0.025	0.0125
0.05	0.025
0.014285714285714287	0.02142857142857143
0.05000000000000001	0.09166666666666667
0.06	0.005
0.075	0.008333333333333333
0.0	0.0
0.0	0.0
0.0	0.0
0.041666666666666664	0.016666666666666666
0.05	0.025
0.0	0.0
0.05	0.025
0.0125	0.0
0.11250000000000002	0.0
0.037500000000000006	0.0
0.05833333333333333	0.008333333333333333
0.3125	0.1875
0.025	0.0125
0.05	0.025
0.014285714285714287	0.02142857142857143
0.05000000000000001	0.09166666666666667
0.06	0.005
0.075	0.008333333333333333
0.0	0.0
0.0	0.0
0.0	0.0
0.041666666666666664	0.016666666666666666
0.05	0.025
0.0	0.0
0.05	0.025
0.0125	0.0
0.11249999999999999	0.125
0.075	0.008333333333333333
0.0	0.020833333333333332
0.05	0.075
0.026250000000000002	0.0925
0.041666666666666664	0.05416666666666667
0.10284090909090908	0.02556818181818182
0.04	0.0
0.041666666666666664	0.016666666666666666
0.016666666666666666	0.008333333333333333
0.042857142857142864	0.02589285714285714
0.12232142857142858	0.02589285714285714
0.075	0.05000000000000001
0.0	0.0
0.0125	0.0
0.0	0.0
0.075	0.06874999999999999
0.0	0.1
0.06666666666666667	0.09166666666666667
0.049999999999999996	0.020833333333333332
0.03125	0.018750000000000003
0.018750000000000003	0.00625
0.025	0.0125
0.09166666666666667	0.14583333333333334
0.041666666666666664	0.008333333333333333
0.12083333333333333	0.0625
0.016666666666666666	0.0
0.0125	0.0
0.0125	0.0
0.025	0.0
0.04375	0.025
0.037500000000000006	0.0
0.0	0.0
0.025	0.0
0.08124999999999999	0.05
0.008333333333333333	0.024999999999999998
0.016666666666666666	0.024999999999999998
0.025	0.0
0.03	0.0075000000000000015
0.041666666666666664	0.016666666666666666
0.05	0.03928571428571429
0.15	0.0
0.025000000000000005	0.0
0.05	0.0
0.008333333333333333	0.020833333333333332
0.025	0.0
0.025000000000000005	0.016666666666666666
0.05	0.0
0.05000000000000001	0.008333333333333333
0.07125000000000001	0.028749999999999998
0.05	0.025
0.1	0.0125
0.037500000000000006	0.0125
0.05	0.025
0.05	0.025
0	0
0.06666666666666667	0.0
0.025	0.0
0.02708333333333333	0.052083333333333336
0.075	0.0
0.03125	0.034375
0.10312500000000001	0.10416666666666667
0.10000000000000002	0.041666666666666664
0.085	0.03
0.1	0.0
0.07	0.06
0.025	0.0
0.0125	0.0
0.013888888888888888	0.011111111111111112
0.045	0.0
0.0	0.0
0.10625	0.03125
0.025	0.0
0.025000000000000005	0.008333333333333333
0.025	0.0125
0.07916666666666668	0.024999999999999998
0.0	0.0
0.025	0.0
0.125	0.125
0.04375	0.0125
0.0	0.125
0.0	0.0
0.0035714285714285718	0.0
0.06000000000000001	0.025
0.05833333333333333	0.0
0.07083333333333333	0.029166666666666664
0.04807692307692308	0.017307692307692305
0.01	0.0
0.05	0.00625
0.05	0.025
0.075	0.065
0.0125	0.0
0.065625	0.0
0.13333333333333333	0.025000000000000005
0.0125	0.0
0.037500000000000006	0.03125
0.060937500000000006	0.01875
0.06666666666666667	0.008333333333333333
0.02142857142857143	0.03214285714285715
0.040625	0.11875
0	0
0	0
0.03571428571428571	0.024999999999999998
0.05000000000000001	0.0
0.07916666666666666	0.008333333333333333
0.05833333333333333	0.008333333333333333
0.049999999999999996	0.06666666666666667
0.075	0.025
0.025	0.0
0	0
0.0	0.05
0	0
0.025	0.0
0.03541666666666667	0.0
0.08333333333333333	0.049999999999999996
0.03125	0.025
0.0	0.0
0.0875	0.0
0.04583333333333333	0.0375
0.06874999999999999	0.01875
0.025	0.0
0.025000000000000005	0.0
0.037500000000000006	0.0125
0.13125	0.065
0.05	0.025
0.03333333333333333	0.0
0.0	0.0
0.0625	0.1875
0.1	0.0125
0.045	0.02
0.06666666666666667	0.08333333333333333
0.125	0.0
0	0
0.025	0.0125
0.0125	0.0125
0.10833333333333334	0.13333333333333333
0.0	0.0
0.056249999999999994	0.06875
0	0
0.0	0.0
0.06666666666666667	0.016666666666666666
0.040625	0.03125
0.0125	0.0375
0.05	0.025
0.037500000000000006	0.0
0.03125	0.00625
0.0828125	0.0140625
0.0	0.0
0.06666666666666667	0.008333333333333333
0.037500000000000006	0.0125
0.03333333333333333	0.016666666666666666
0.025000000000000005	0.03333333333333333
0.03958333333333333	0.10625000000000001
0.037500000000000006	0.0125
0.11666666666666665	0.025000000000000005
0.0125	0.0
0.06666666666666668	0.027777777777777776
0.05	0.025
0.06785714285714287	0.03660714285714285
0.06999999999999999	0.01
0.05	0.0125
0.11666666666666668	0.008333333333333333
0.0	0.05
0.05	0.025
0.05	0.025
0.0	0.0625
0.018750000000000003	0.00625
0.016666666666666666	0.0
0.025	0.0125
0.025	0.0125
0.016666666666666666	0.024999999999999998
0.10000000000000002	0.0
0.11666666666666668	0.041666666666666664
0.041666666666666664	0.2541666666666667
0.037500000000000006	0.05
0.024999999999999998	0.0071428571428571435
0.03333333333333333	0.041666666666666664
0.0125	0.0
0.05625	0.0
0.025	0.0125
0.1	0.03
0.07222222222222224	0.025
0.0546875	0.10468750000000002
0.05	0.025
0.0125	0.0
0.08906250000000002	0.0265625
0.03125	0.00625
0.06666666666666667	0.008333333333333333
0.0465909090909091	0.007954545454545454
0.025000000000000005	0.024999999999999998
0.0	0.0
0.05	0.037500000000000006
0.075	0.1125
0.0	0.0
0.025	0.037500000000000006
0	0
0.07222222222222222	0.0
0.04	0.005
0.09722222222222221	0.0
0.0	0.025000000000000005
0.020833333333333332	0.016666666666666666
0.015000000000000003	0.005
0.08055555555555555	0.016666666666666666
0.07625000000000001	0.00625
0.05859375000000001	0.07734375
0.016666666666666666	0.008333333333333333
0.0892857142857143	0.05714285714285715
0.0625	0.00625
0.0	0.0
0.075	0.0
0.0	0.0
0.037500000000000006	0.0125
0.325	0.0
0.034999999999999996	0.005
0.0	0.0
0.045	0.005
0.10625000000000001	0.03125
0.03482142857142857	0.024999999999999998
0.0125	0.00625
0.07777777777777779	0.041666666666666664
0.09166666666666667	0.0
0.027083333333333334	0.0
0.049999999999999996	0.0
0.15	0.0
0.0	0.0
0.049999999999999996	0.049999999999999996
0.04375	0.018750000000000003
0.07500000000000001	0.061111111111111116
0.0125	0.03125
0.049999999999999996	0.016666666666666666
0.025	0.0125
0	0
0.03333333333333333	0.008333333333333333
0.0	0.0
0.0828125	0.0140625
0.04375	0.0125
0.10999999999999999	0.02
0.13333333333333333	0.008333333333333333
0.06999999999999999	0.015000000000000003
0.041666666666666664	0.075
0.0375	0.0125
0.0125	0.0
0.06999999999999999	0.008125
0.03333333333333333	0.016666666666666666
0.0625	0.037500000000000006
0.1125	0.0125
0.05625	0.01125
0.06562500000000002	0.01875
0.041666666666666664	0.0
0.05833333333333333	0.0
0.06875	0.0125
0.228125	0.0625
0.045	0.039999999999999994
0.15	0.0
0.052083333333333336	0.016666666666666666
0.025	0.0625
0.1	0.05
0.04375000000000001	0.037500000000000006
0.0	0.0
0.037500000000000006	0.0125
0.05	0.0125
0.05	0.025
0.05	0.0
0.034523809523809526	0.014285714285714287
0.0	0.0
0.0	0.0
0.05	0.0125
0.05	0.025
0.05	0.0
0.034523809523809526	0.014285714285714287
0.00625	0.0
0.01	0.0
0.04375	0.00625
0.025000000000000005	0.008333333333333333
0.05833333333333333	0.0
0.05833333333333333	0.0
0.09861111111111112	0.11805555555555555
0.075	0.0625
0.049999999999999996	0.025
0.03333333333333333	0.016666666666666666
0.04	0.02
0.016666666666666666	0.0
0.00625	0.0
0.025	0.0
0.0125	0.0
0.1375	0.0
0.03636363636363637	0.020454545454545454
0.05	0.025
0.1	0.0
0.16666666666666666	0.10833333333333334
0.1	0.0
0.2916666666666667	0.06041666666666667
0.025	0.025
0.025	0.0
0.05	0.025
0.15625	0.03125
0.0125	0.0
0.0	0.0
0.0125	0.03125
0.0125	0.0
0.0	0.0
0.025	0.0
0.05	0.025
0.025	0.1125
0.0	0.025
0.05	0.025
0.014285714285714287	0.014285714285714287
0.0	0.0
0.037500000000000006	0.04375
0.0	0.0
0.025	0.0125
0.025	0.0125
0.026785714285714284	0.05714285714285715
0.012500000000000002	0.004166666666666667
0.025	0.0
0.065	0.005
0.04230769230769231	0.017307692307692305
0.025	0.0
0.0	0.325
0.05	0.025
0.03333333333333333	0.09583333333333334
0.0	0.0
0.0	0.0
0.15625	0.0
0.15	0.0625
0.025000000000000005	0.0
0.06000000000000001	0.02
0.041666666666666664	0.008333333333333333
0.05833333333333333	0.008333333333333333
0.0375	0.0625
0.018750000000000003	0.0
0.03125	0.0625
0.075	0.0125
0.20000000000000004	0.016666666666666666
0.025	0.0375
0.025	0.005
0.05833333333333333	0.0
0.0625	0.009375000000000001
0.041666666666666664	0.030555555555555558
0.025	0.0125
0.052500000000000005	0.0025
0.021875	0.01875
0.11500000000000002	0.0
0.0125	0.0
0.05	0.00625
0.1375	0.0625
0.0125	0.0
0.07857142857142858	0.017857142857142856
0.1	0.0125
0.025000000000000005	0.0
0.10803571428571428	0.06517857142857143
0.016666666666666666	0.0
0.050892857142857136	0.030357142857142857
0.05	0.025
0.025	0.0125
0.010714285714285716	0.075
0.0375	0.0
0.05	0.0125
0.025	0.0
0.025	0.0
0.07500000000000001	0.0125
0.037500000000000006	0.00625
0.078125	0.03125
0.02	0.013333333333333332
0.0	0.0
0.05	0.025
0.0625	0.025
0.05	0.0125
0.04	0.0
0.018750000000000003	0.1125
0.0125	0.0
0.1703125	0.0390625
0.0875	0.03333333333333333
0.06666666666666667	0.008333333333333333
0.08499999999999999	0.0
0.037500000000000006	0.0125
0.045	0.0
0.025	0.0125
0.10500000000000001	0.05500000000000001
0.05	0.0
0.030000000000000006	0.005
0.025	0.025
0.10833333333333334	0.23333333333333336
0.03333333333333333	0.05000000000000001
0.03125	0.0125
0.0	0.0
0.025892857142857145	0.012499999999999999
0.0	0.0
0.041666666666666664	0.016666666666666666
0.05	0.025
0.0875	0.0125
0.05250000000000001	0.0075000000000000015
0.0375	0.0
0.0	0.35
0.005	0.005
0.109375	0.08541666666666665
0.0	0.0
0.025000000000000005	0.008333333333333333
0.075	0.0
0.008333333333333333	0.024999999999999998
0.016666666666666666	0.008333333333333333
0.02	0.0
0.05	0.025
0.17500000000000002	0.225
0.037500000000000006	0.2
0.0	0.0
0.0	0.0375
0.0	0.0
0.049999999999999996	0.0
0	0
0.0625	0.01875
0.016666666666666666	0.0
0.05	0.0625
0.04375	0.0
0.0	0.0
0.0125	0.1125
0	0
0	0
0.0	0.0
0.028125	0.09375
0.05	0.05
0.0375	0.0625
0.06874999999999999	0.0125
0.025	0.0
0.04583333333333334	0.025000000000000005
0.025	0.0
0.05625	0.10625
0.0	0.0
0.025	0.0125
0.020454545454545454	0.002272727272727273
0.01875	0.05
0.0	0.025
0.13125	0.075
0.0125	0.018750000000000003
0.037500000000000006	0.0125
0.0875	0.0
0.030000000000000006	0.09000000000000001
0.0	0.0
0.05833333333333333	0.0
0.02	0.005
0.025	0.0125
0.04	0.02
0.01875	0.018750000000000003
0.015000000000000003	0.0
0.04166666666666667	0.061111111111111116
0.066015625	0.039453125
0.005	0.0
0.0	0.0
0.05	0.2
0.0	0.0
0.0	0.0
0.03333333333333333	0.016666666666666666
0.05	0.025
0.05	0.1
0.05937499999999999	0.009375000000000001
0.0	0.05
0.075	0.0
0.015000000000000003	0.025
0.025	0.0
0.03333333333333333	0.0375
0.0	0.0
0.0	0.0
0.005	0.0
0.041666666666666664	0.004166666666666667
0.0125	0.0
0.0	0.03125
0.025000000000000005	0.0
0.0	0.05
0.0625	0.0375
0.0125	0.0375
0.03333333333333333	0.016666666666666666
0.025	0.0625
0.05277777777777778	0.002777777777777778
0.015625	0.003125
0.0375	0.00625
0.09166666666666667	0.041666666666666664
0.03333333333333333	0.03333333333333333
0.037500000000000006	0.0125
0.025	0.0375
0.06000000000000001	0.0
0.05000000000000001	0.0
0.025	0.0
0.025	0.375
0.03333333333333333	0.024999999999999998
0.0375	0.0
0.039999999999999994	0.01
0.075	0.0125
0.041666666666666664	0.008333333333333333
0.05714285714285715	0.0
0.153125	0.015625
0.0625	0.0
0.03125	0.00625
0.049999999999999996	0.0
0.06000000000000001	0.0
0.0	0.0
0.05	0.00625
0.05	0.025
0.12000000000000002	0.013749999999999998
0.0	0.0
0.1	0.0125
0.05833333333333334	0.03333333333333333
0.04791666666666666	0.015625
0.037500000000000006	0.0
0.0875	0.037500000000000006
0.0125	0.0125
0.075	0.125
0.015000000000000003	0.005
0.05000000000000001	0.0375
0.0375	0.2125
0.025	0.0
0.021428571428571432	0.0
0.0	0.025
0.049999999999999996	0.004166666666666667
0.05	0.0
0.10208333333333332	0.043750000000000004
0.1	0.0125
0.025	0.0125
0.0	0.0
0.025	0.01
0.04583333333333333	0.010416666666666666
0.025	0.0125
0.15	0.0
0.029166666666666664	0.020833333333333332
0.008333333333333333	0.004166666666666667
0.0	0.0
0.075	0.0
0.05	0.025
0.037500000000000006	0.0125
0.05	0.06500000000000002
0.1125	0.025
0.008333333333333333	0.0
0.049999999999999996	0.0
0.021428571428571432	0.06428571428571428
0.037500000000000006	0.0125
0.025	0.0125
0.025	0.0125
0.05	0.05625
0.049999999999999996	0.04375
0.02	0.0
0.018750000000000003	0.0
0.06666666666666667	0.08055555555555556
0.08571428571428573	0.05714285714285715
0.025	0.0
0.053125	0.0
0.0	0.05
0.06	0.06000000000000001
0.0875	0.0375
0.05	0.009375000000000001
0.041666666666666664	0.004166666666666667
0.03125	0.0125
0.0125	0.0
0.025	0.0
0.016666666666666666	0.0
0.075	0.016666666666666666
0.016666666666666666	0.004166666666666667
0.05833333333333333	0.03333333333333333
0.049999999999999996	0.08333333333333333
0.03125	0.05625
0.0	0.025
0.0	0.05
0.05000000000000001	0.008333333333333333
0.05	0.0125
0.075	0.0
0.037500000000000006	0.0125
0.05	0.0
0.025	0.0125
0.05	0.0
0.025000000000000005	0.05833333333333333
0.11625	0.05125
0.0	0.0
0.02	0.030000000000000006
0.016666666666666666	0.0
0.0125	0.0
0.016666666666666666	0.008333333333333333
0.033928571428571426	0.0035714285714285718
0.05833333333333333	0.0
0.03333333333333333	0.0
0.0125	0.00625
0.058750000000000004	0.0125
0.0125	0.00625
0.05	0.0
0.04583333333333334	0.024999999999999998
0.06000000000000001	0.005
0.05	0.025
0.08333333333333333	0.016666666666666666
0.0	0.0
0.02857142857142857	0.0
0	0
0.21250000000000002	0.0
0.125	0.016666666666666666
0.044444444444444446	0.011111111111111112
0.05	0.075
0.03888888888888889	0.041666666666666664
0.07999999999999999	0.034999999999999996
0.005	0.0
0.075	0.05
0.025	0.0125
0.04285714285714286	0.010714285714285716
0.034375	0.0125
0.025	0.0
0.027500000000000004	0.04750000000000001
0.00625	0.0
0.025	0.0
0.08571428571428572	0.014285714285714287
0.025	0.0
0.08750000000000001	0.0125
0.13333333333333333	0.03333333333333333
0.0	0.0
0.0	0.0
0.025	0.0
0.02857142857142857	0.03571428571428571
0.1125	0.0125
0.071875	0.04375
0.025	0.0125
0.07500000000000001	0.03125
0.025	0.0125
0.096875	0.178125
0.0	0.0
0.025	0.0125
0.0125	0.0
0.049999999999999996	0.0
0	0
0.0	0.0
0.025	0.025
0.025	0.01
0.025000000000000005	0.008333333333333333
0.049999999999999996	0.0
0.015000000000000003	0.015000000000000003
0.03333333333333333	0.049999999999999996
0.027500000000000004	0.0375
0.031818181818181815	0.011363636363636364
0.03333333333333333	0.0
0.05833333333333333	0.016666666666666666
0.056249999999999994	0.025
0.03333333333333333	0.008333333333333333
0.008333333333333333	0.0
0.0	0.0
0.0	0.0
0.0	0.0
0.008333333333333333	0.06666666666666667
0.13333333333333333	0.0
0.037500000000000006	0.0
0.03333333333333333	0.0
0.05833333333333333	0.06666666666666667
0.05833333333333333	0.0
0.03680555555555556	0.013888888888888888
0.1375	0.0
0.04375	0.00625
0.0	0.05
0.1375	0.0625
0.0	0.0
0.1375	0.0625
0.037500000000000006	0.0125
0.07916666666666666	0.008333333333333333
0.037500000000000006	0.01875
0.025	0.2
0.05625	0.0125
0.0	0.008333333333333333
0.014285714285714287	0.0
0.049999999999999996	0.014285714285714287
0.04	0.015000000000000003
0.1375	0.00625
0.035	0.015
0.05	0.05
0.02727272727272727	0.002272727272727273
0.075	0.0
0.17500000000000002	0.0
0.034999999999999996	0.01
0.0625	0.025
0.037500000000000006	0.0
0.025000000000000005	0.0
0.1125	0.0375
0.0	0.025
0.041666666666666664	0.016666666666666666
0.024999999999999998	0.0035714285714285718
0.008333333333333333	0.0
0.085	0.025
0.065	0.04
0.07500000000000001	0.0125
0.0	0.0
0.06	0.005
0.0	0.0
0.0125	0.0
0.025	0.0125
0.016666666666666666	0.008333333333333333
0.025000000000000005	0.008333333333333333
0.05	0.025
0.025	0.0125
0.1125	0.00625
0.07142857142857142	0.0035714285714285718
0.05714285714285715	0.07857142857142858
0.07	0.03
0.03333333333333333	0.025000000000000005
0.07500000000000001	0.0125
0.06666666666666667	0.016666666666666666
0.0125	0.0
0.05000000000000001	0.025000000000000005
0.06666666666666667	0.024999999999999998
0.016666666666666666	0.0
0.075	0.025
0.06666666666666667	0.008333333333333333
0.0	0.0
0.15833333333333333	0.016666666666666666
0.09	0.01
0.03333333333333333	0.004166666666666667
0.125	0.2375
0.1	0.0
0.0125	0.0
0.06875	0.018750000000000003
0.021428571428571432	0.07857142857142858
0.008333333333333333	0.125
0.041666666666666664	0.008333333333333333
0.0	0.0
0.0	0.0125
0.01875	0.05
0	0
0.025000000000000005	0.008333333333333333
0.0	0.0625
0.025	0.0125
0.075	0.1
0.041666666666666664	0.024999999999999998
0.03928571428571429	0.014285714285714287
0.05416666666666667	0.004166666666666667
0.0	0.025
0.025	0.0125
0.025	0.0125
0.04583333333333334	0.043750000000000004
0.0	0.0
0.025	0.075
0.016666666666666666	0.041666666666666664
0.05714285714285715	0.03571428571428571
0.037500000000000006	0.0125
0.02	0.04
0.08125	0.00625
0.016666666666666666	0.008333333333333333
0.025	0.0125
0.008333333333333333	0.024999999999999998
0.08499999999999999	0.025
0.06666666666666667	0.008333333333333333
0.0125	0.0
0.037500000000000006	0.0125
0.125	0.2
0.06666666666666667	0.13333333333333333
0.040625	0.05625000000000001
0.03333333333333333	0.0
0.05	0.025
0.05	0.05
0.025	0.0125
0.025000000000000005	0.016666666666666666
0.05	0.0125
0.075	0.275
0.025	0.01
0.06875	0.049999999999999996
0.125	0.025
0.05714285714285715	0.023214285714285715
0.015	0.015
0.016666666666666666	0.008333333333333333
0.05833333333333333	0.008333333333333333
0.06874999999999999	0.00625
0.0	0.0
0.0125	0.0
0.025000000000000005	0.049999999999999996
0.05833333333333333	0.0
0.0125	0.0
0.0375	0.0
0.125	0.0
0.05	0.0
0.06785714285714285	0.04285714285714286
0.075	0.00625
0.05625	0.00625
0.0125	0.11875000000000001
0.084375	0.0390625
0.008333333333333333	0.0
0.008333333333333333	0.041666666666666664
0.0	0.0
0.01875	0.03125
0.0	0.0625
0.016666666666666666	0.008333333333333333
0.04404761904761906	0.013095238095238094
0.025	0.0125
0.03571428571428571	0.024999999999999998
0.056249999999999994	0.018750000000000003
0.016666666666666666	0.008333333333333333
0.05000000000000001	0.13333333333333333
0.025	0.0
0.037500000000000006	0.0125
0.0071428571428571435	0.0071428571428571435
0.03333333333333333	0.0
0.016666666666666666	0.0
0.034374999999999996	0.0125
0.0	0.0
0.06666666666666667	0.008333333333333333
0.025000000000000005	0.0
0.0125	0.0
0.025000000000000005	0.03333333333333333
0.06249999999999999	0.018750000000000003
0.103125	0.059375
0.05277777777777778	0.3055555555555555
0.0125	0.0125
0.08333333333333333	0.008333333333333333
0	0
0.03333333333333333	0.008333333333333333
0.025	0.00625
0.05	0.0
0.07232142857142856	0.049107142857142856
0.052083333333333336	0.03125
0.025000000000000005	0.008333333333333333
0.016666666666666666	0.008333333333333333
0.0375	0.008333333333333333
0.0625	0.0125
0.025	0.0125
0.025000000000000005	0.008333333333333333
0.05000000000000001	0.020833333333333332
0.05625	0.05625
0.02	0.005
0.06666666666666667	0.027777777777777783
0.024999999999999998	0.0071428571428571435
0.05625	0.01875
0.0	0.0
0.03333333333333333	0.016666666666666666
0.0	0.0
0.025000000000000005	0.008333333333333333
0.05833333333333333	0.025000000000000005
0.04	0.005
0.065	0.02
0.037500000000000006	0.025
0.049999999999999996	0.17500000000000002
0.0	0.0
0.041666666666666664	0.075
0.05000000000000001	0.0
0.024999999999999998	0.012500000000000002
0.0125	0.00625
0.03333333333333333	0.041666666666666664
0.05	0.025
0.04	0.034999999999999996
0.03	0.0
0.075	0.0125
0	0
0.0625	0.0125
0.08571428571428573	0.05714285714285715
0.0125	0.00625
0.0875	0.0
0.05937499999999999	0.017708333333333333
0.0	0.0
0.025	0.00625
0.06666666666666667	0.016666666666666666
0.08499999999999999	0.03
0.07916666666666668	0.020833333333333332
0.2916666666666667	0.20833333333333334
0.040909090909090916	0.011363636363636364
0.0875	0.0
0.037500000000000006	0.0125
0.18333333333333335	0.08333333333333333
0.11875000000000001	0.01875
0.0375	0.0
0.08	0.01
0.025000000000000005	0.008333333333333333
0.05	0.0
0.008333333333333333	0.008333333333333333
0.08333333333333333	0.020833333333333332
0.3	0.0125
0.03888888888888889	0.022222222222222223
0.0	0.0
0.06071428571428572	0.019642857142857146
0.0	0.0
0.0625	0.0125
0.049999999999999996	0.008333333333333333
0.016666666666666666	0.005555555555555556
0.0625	0.025
0.0	0.0125
0.275	0.0
0.0	0.0
0.05803571428571429	0.020535714285714286
0.04375	0.01875
0.037500000000000006	0.00625
0.05	0.025
0.05	0.0125
0.0875	0.025
0.02	0.035
0.025	0.0125
0.016666666666666666	0.012499999999999999
0.05833333333333334	0.0
0.039999999999999994	0.015000000000000003
0.016666666666666666	0.0
0.05416666666666667	0.020833333333333332
0.019444444444444445	0.022222222222222223
0.025	0.0125
0.09166666666666667	0.016666666666666666
0.025	0.0
0.21875	0.03125
0.018181818181818184	0.018181818181818184
0.05666666666666667	0.015000000000000001
