0.00625	0.0
0.016666666666666666	0.008333333333333333
0.28125	0.03125
0.025000000000000005	0.0
0.025	0.0
0	0
0.07500000000000001	0.018750000000000003
0.03333333333333333	0.1416666666666667
0.05	0.0125
0.041666666666666664	0.0
0.04375	0.03125
0.025	0.0
0.025	0.0125
0.0	0.0
0	0
0	0
0	0
0.0	0.025
0.075	0.03
0	0
0.025	0.0125
0	0
0	0
0.008333333333333333	0.0
0	0
0.075	0.2
0.016666666666666666	0.13333333333333333
0.05	0.025
0.03	0.01
0.05	0.05
0.06666666666666667	0.075
0.0125	0.0625
0.025	0.0
0.05	0.0
0.0	0.05
0.0	0.0
0.06875	0.0
0.075	0.1125
0.0	0.025000000000000005
0.08124999999999999	0.0
0.0	0.0
0.017499999999999998	0.005
0	0
0.0875	0.0125
0.025	0.0
0.15	0.0
0.11666666666666665	0.0
0.025	0.0
0.037500000000000006	0.0125
0.03333333333333333	0.049999999999999996
0.05	0.0
0.05	0.0
0.025	0.0
0	0
0.1	0.03125
0.0	0.0
0.165625	0.028125
0.0	0.0
0.0125	0.0
0.025	0.0
0.0	0.0
0.045	0.01
0	0
0	0
0.05	0.025
0.025	0.085
0.046875	0.03125
0	0
0.0625	0.0
0.0	0.0
0.05	0.025
0.025	0.0
0.05	0.025
0	0
0.025	0.0
0	0
0.025000000000000005	0.008333333333333333
0.03333333333333333	0.0
0.09583333333333333	0.016666666666666666
0.05000000000000001	0.008333333333333333
0.05833333333333333	0.0
0.0	0.0
0.0	0.0
0.08499999999999999	0.025
0.025000000000000005	0.0
0	0
0	0
0	0
0.0	0.075
0.016666666666666666	0.0
0	0
0.0125	0.0
0.0125	0.0
0.0125	0.0
0	0
0.00625	0.0
0.0	0.0
0.0125	0.0
0.0	0.1
0.06	0.015000000000000003
0	0
0.028124999999999997	0.0
0.18125	0.01875
0.025	0.025
0.037500000000000006	0.037500000000000006
0.025	0.0125
0.12916666666666665	0.008333333333333333
0.05	0.025
0.01	0.0
0	0
0.0	0.0
0	0
0.05	0.025
0.05	0.0
0.025	0.00625
0	0
0.05	0.025
0.0	0.0
0.0	0.0
0.07500000000000001	0.021875
0.016666666666666666	0.008333333333333333
0.016666666666666666	0.008333333333333333
0	0
0	0
0.008333333333333333	0.0
0	0
0.025	0.025
0.025	0.025
0.053125000000000006	0.00625
0.0	0.0
0.0	0.0
0.05000000000000001	0.025000000000000005
0.0	0.0
0.0625	0.0125
0.0828125	0.0140625
0.1	0.0
0.0	0.0
0.275	0.025
0	0
0	0
0.0	0.049999999999999996
0	0
0.06666666666666667	0.008333333333333333
0	0
0.0125	0.0
0.037500000000000006	0.05
0.0	0.0
0.125	0.0625
0.1	0.0125
0.025	0.0
0	0
0.043750000000000004	0.0
0.1875	0.0125
0.0	0.0
0.03214285714285715	0.02142857142857143
0.0	0.0
0.058928571428571434	0.014285714285714287
0.03	0.1
0.025000000000000005	0.0
0.0625	0.025
0	0
0.024999999999999998	0.0020833333333333333
0	0
0.041666666666666664	0.008333333333333333
0	0
0.037500000000000006	0.0
0.025	0.0
0.05	0.025
0	0
0.0	0.0
0.0125	0.0
0.025	0.0
0	0
0.0	0.0
0	0
0	0
0	0
0.0125	0.0
0.015000000000000003	0.0
0.16	0.005
0.05	0.025
0.0	0.0625
0.0	0.0
0	0
0.0125	0.020833333333333332
0	0
0.025	0.025
0.025	0.1
0.025	0.0
0.0	0.0
0.025	0.0
0.0	0.0
0.0	0.025
0.0875	0.0625
0.03125	0.09375
0	0
0	0
0.0	0.0
0.075	0.08125
0	0
0.05000000000000001	0.0
0.1	0.0125
0.05	0.025
0.0125	0.00625
0.0	0.05
0	0
0.018750000000000003	0.00625
0.056249999999999994	0.0125
0.0375	0.2
0.06136363636363637	0.07272727272727274
0	0
0.0	0.0
0.0125	0.0
0.02	0.01
0.05	0.025
0	0
0.0	0.0
0	0
0.03125	0.00625
0	0
0.0	0.0625
0.0	0.0
0.05500000000000001	0.04
0.0	0.0
0.025	0.0
0.05	0.025
0.008333333333333333	0.0
0.03333333333333333	0.012500000000000002
0.05833333333333333	0.008333333333333333
0	0
0.0	0.0
0.05	0.0
0.0	0.05
0.02045454545454545	0.015909090909090907
0.025	0.025
0.05	0.025
0.016666666666666666	0.008333333333333333
0	0
0.025	0.0
0.2	0.0
0.016666666666666666	0.016666666666666666
0.0	0.0
0	0
0	0
0	0
0.05416666666666667	0.020833333333333332
0.02	0.08
0.09375	0.125
0.025	0.0
0.018750000000000003	0.01875
0.0625	0.025
0.05	0.025
0.00625	0.0
0	0
0.016666666666666666	0.041666666666666664
0.018750000000000003	0.0
0.03125	0.025
0	0
0.0	0.0
0	0
0.025	0.0
0.0	0.0
0.05	0.025
0.0	0.0
0	0
0	0
0.05	0.025
0.0	0.0
0	0
0.275	0.0
0	0
0.0375	0.0375
0.016666666666666666	0.041666666666666664
0.025	0.23750000000000002
0	0
0	0
0	0
0.1375	0.0625
0.0	0.0
0.05	0.0
0.0	0.0
0.0	0.0
0.05	0.025
0	0
0	0
0.05	0.025
0	0
0	0
0.15	0.0
0	0
0	0
0.1	0.0
0	0
0	0
0	0
0.0	0.0
0.0125	0.0
0.065	0.025
0	0
0.05	0.025
0.0125	0.0
0	0
0.0	0.0
0.0625	0.25
0.03214285714285714	0.0071428571428571435
0.11249999999999999	0.2
0.045000000000000005	0.02
0	0
0.025	0.0
0.0	0.0
0.0	0.0
0.0125	0.0
0.06666666666666667	0.008333333333333333
0.05	0.0125
0.05	0.05
0.0	0.0
0.025	0.0125
0.041666666666666664	0.0
0.05833333333333334	0.0
0.025	0.05
0.025	0.0125
0.0	0.0
0.05000000000000001	0.008333333333333333
0.05	0.0
0.0	0.0
0.0	0.0
0.0	0.0
0.0	0.0
0.041666666666666664	0.0
0.016666666666666666	0.0
0.05	0.025
0.04375	0.0
0.0	0.0
0.04583333333333334	0.0125
0	0
0.049999999999999996	0.06666666666666667
0.025	0.0
0	0
0.025	0.0
0.03333333333333333	0.016666666666666666
0.025	0.0
0.016666666666666666	0.0
0.05	0.025
0.025	0.0
0	0
0.0	0.0
0.037500000000000006	0.0
0.05000000000000001	0.0
0.05	0.0
0.0	0.0
0	0
0	0
0.07884615384615386	0.05961538461538462
0.07500000000000001	0.075
0.02	0.03
0.07500000000000001	0.0125
0.0	0.0
0	0
0.05	0.4
0.1	0.0
0.05	0.025
0.025	0.0
0.025000000000000005	0.008333333333333333
0.025	0.0
0.0	0.0
0.03333333333333333	0.016666666666666666
0.0125	0.0
0	0
0.05	0.025
0.0	0.0
0.025000000000000005	0.0
0.02916666666666667	0.020833333333333332
0	0
0.0	0.0
0	0
0	0
0.05	0.025
0.0	0.0
0.0	0.0
0.05	0.025
0.0	0.0
0	0
0.0	0.0
0	0
0.049999999999999996	0.02916666666666667
0.03333333333333333	0.016666666666666666
0.025	0.025
0	0
0	0
0	0
0.024999999999999998	0.017857142857142856
0.05	0.025
0.05416666666666667	0.024999999999999998
0.05555555555555555	0.0
0.11249999999999999	0.05
0.025	0.0
0	0
0.060714285714285714	0.024999999999999998
0	0
0	0
0	0
0.05	0.025
0.0125	0.0
0	0
0.05	0.025
0.02	0.03
0.1	0.0125
0	0
0	0
0.008333333333333333	0.0
0	0
0	0
0.025	0.0
0.0	0.0
0.025	0.075
0	0
0.016666666666666666	0.008333333333333333
0.025	0.0
0.05	0.0
0	0
0.0	0.0
0.06249999999999999	0.00625
0.0075000000000000015	0.01
0.0	0.0
0.06250000000000001	0.029166666666666664
0.0	0.0
0.0	0.0
0	0
0.056249999999999994	0.01875
0.06666666666666667	0.075
0.0	0.0
0.05	0.025
0	0
0	0
0	0
0.0	0.0
0.0	0.125
0.02638888888888889	0.004166666666666667
0.0425	0.12250000000000001
0.0	0.0
0.05	0.025
0.05	0.025
0.05	0.025
0.017857142857142856	0.0035714285714285718
0.025	0.0
0.05	0.025
0	0
0	0
0.0	0.0
0.0125	0.0
0.04	0.039999999999999994
0.0	0.0
0	0
0.1	0.05
0.05	0.025
0	0
0.0	0.0
0.0	0.0
0.0	0.0
0.0	0.0
0.05	0.025
0	0
0.025	0.0
0.1375	0.0625
0.05833333333333333	0.0
0.05	0.025
0.06071428571428572	0.0
0.05833333333333333	0.0
0.0	0.0
0	0
0	0
0	0
0	0
0.008333333333333333	0.0
0.05	0.025
0.06000000000000001	0.045
0.05000000000000001	0.016666666666666666
0.025	0.05
0.1375	0.1375
0	0
0.025	0.0625
0.049999999999999996	0.03333333333333333
0.0	0.0
0.025	0.0
0.025	0.0125
0	0
0.05	0.025
0	0
0.275	0.0
0.05833333333333333	0.008333333333333333
0.08571428571428572	0.024999999999999998
0.06666666666666667	0.004166666666666667
0.075	0.0
0.05	0.025
0.05	0.025
0.3	0.225
0.04375	0.00625
0.016666666666666666	0.0
0.041666666666666664	0.016666666666666666
0.05	0.125
0.045	0.0
0.025	0.0
0.037500000000000006	0.0
0	0
0	0
0.04	0.005
0	0
0.05	0.025
0	0
0.018750000000000003	0.00625
0.2	0.0
0.03333333333333333	0.016666666666666666
0.10625	0.075
0.075	0.05
0.025	0.0
0.025000000000000005	0.008333333333333333
0.0	0.025
0.0	0.025
0.025	0.0125
0	0
0.0	0.05625
0.08	0.03
0.05	0.025
0	0
0.025	0.0
0	0
0.057499999999999996	0.042499999999999996
0.06	0.02
0.008333333333333333	0.0
0.025	0.0
0.0	0.0
0	0
0.025000000000000005	0.0
0.0	0.0
0.025	0.0
0.016666666666666666	0.008333333333333333
0.04375	0.05625
0	0
0	0
0.10833333333333334	0.008333333333333333
0.037500000000000006	0.0
0.05	0.0125
0.0125	0.0
0	0
0.0	0.0
0.0625	0.5625
0.075	0.1
0.03125	0.018750000000000003
0.025	0.025
0.05	0.025
0	0
0	0
0.0	0.0
0.02142857142857143	0.028571428571428574
0.05	0.025
0.1	0.0
0.05	0.025
0.0	0.0
0.018750000000000003	0.00625
0.037500000000000006	0.0125
0	0
0.03125	0.0125
0	0
0	0
0.05	0.002777777777777778
0.025	0.025
0.05	0.0
0.025	0.0
0.025	0.0075000000000000015
0.0125	0.0
0.1875	0.0625
0.025	0.0125
0.04375	0.09375
0	0
0.05000000000000001	0.03333333333333333
0.025	0.025
0.0	0.0
0	0
0	0
0	0
0	0
0.1375	0.0625
0	0
0	0
0	0
0.11875	0.0125
0.025	0.0
0.1	0.1
0.008333333333333333	0.0
0.05499999999999999	0.005
0	0
0.05	0.0
0.2	0.0625
0.0875	0.0
0	0
0.05	0.05
0.025	0.037500000000000006
0.0	0.0
0	0
0.0	0.0
0.034374999999999996	0.01875
0.025	0.0
0	0
0	0
0.025	0.0125
0.024999999999999998	0.008333333333333333
0.11666666666666668	0.008333333333333333
0.07250000000000001	0.10874999999999999
0.0375	0.0125
0.05	0.025
0.07083333333333335	0.09166666666666667
0	0
0	0
0.0625	0.5625
0	0
0	0
0.0	0.0
0.0	0.0
0	0
0.05	0.075
0.025	0.0
0.05	0.025
0.0	0.0
0.0	0.0625
0.037500000000000006	0.00625
0	0
0	0
0.05	0.025
0.025	0.0
0.0	0.0
0	0
0.0	0.0
0.0	0.1
0.018750000000000003	0.0125
0.0	0.06666666666666667
0.03333333333333333	0.10833333333333334
0	0
0.05	0.0
0.07500000000000001	0.0
0.075	0.0
0.022656250000000003	0.003125
0	0
0	0
0.0	0.0
0.035	0.015000000000000003
0	0
0	0
0.05	0.025
0	0
0.008333333333333333	0.0
0	0
0	0
0.037500000000000006	0.0125
0.0	0.0
0.05	0.025
0.078125	0.015625
0.01	0.0
0.0875	0.0
0.09999999999999999	0.016666666666666666
0.015000000000000003	0.03
0.0	0.0
0.025	0.00625
0.018750000000000003	0.03125
0.016666666666666666	0.008333333333333333
0.0125	0.0375
0.0	0.0
0.0	0.0
0.07500000000000001	0.0125
0.03333333333333333	0.008333333333333333
0.025	0.0
0	0
0.037500000000000006	0.01875
0	0
0.15	0.0
0.025	0.0
0.025	0.0
0.025	0.0
0.025000000000000005	0.013888888888888888
0.0375	0.0375
0.0	0.0
0	0
0	0
0	0
0.28125	0.03125
0	0
0	0
0.0	0.0
0.08333333333333333	0.041666666666666664
0.075	0.0
0.0	0.0
0.016666666666666666	0.0
0	0
0.09074074074074073	0.06296296296296297
0.04	0.005
0.0	0.0
0.018750000000000003	0.0
0.0625	0.024999999999999998
0.05499999999999999	0.02
0.022222222222222223	0.013888888888888888
0.03125	0.00625
0.025	0.0
0.075	0.0
0.037500000000000006	0.0125
0.0	0.0
0.0875	0.037500000000000006
0.0	0.0
0.03333333333333333	0.0
0.0	0.0
0.0125	0.1
0.0	0.0
0	0
0.0325	0.042499999999999996
0.05	0.025
0.07083333333333333	0.029166666666666664
0.025000000000000005	0.0
0.016666666666666666	0.05833333333333333
0.0	0.0
0.025	0.2
0.025	0.0
0.016666666666666666	0.03333333333333333
0.0	0.0
0.025	0.2
0.0	0.0
0.052500000000000005	0.045
0.045	0.02
0.025	0.2
0.03090277777777778	0.035763888888888894
0.2916666666666667	0.041666666666666664
0	0
0.0	0.05
0.025	0.025
0	0
0	0
0.03888888888888889	0.04722222222222222
0	0
0.0	0.015625
0.025	0.2
0	0
0.037500000000000006	0.1125
0.05	0.00625
0.03125	0.0625
0.05	0.025
0.095	0.06999999999999999
0	0
0.03214285714285715	0.010714285714285716
0.025	0.0
0.027499999999999997	0.0075000000000000015
0.00625	0.0
0.1125	0.2
0.06785714285714285	0.0071428571428571435
0	0
0.025	0.00625
0.0125	0.1
0.05	0.025
0	0
0.0	0.0
0	0
0.09375	0.0
0.025	0.075
0.025	0.0125
0.0125	0.0
0	0
0	0
0.0	0.0
0.041666666666666664	0.03333333333333333
0.0	0.0
0.05	0.05
0.0375	0.026562500000000003
0	0
0.07222222222222223	0.030555555555555558
0	0
0	0
0.05	0.025
0	0
0	0
0.05	0.2
0.025	0.00625
0	0
0	0
0	0
0.0	0.0
0.056249999999999994	0.03125
0	0
0.0	0.0
0.05416666666666667	0.024999999999999998
0.0	0.0
0	0
0.025	0.00625
0.0	0.0
0.07500000000000001	0.0125
0.025	0.0
0	0
0.04285714285714286	0.03214285714285715
0	0
0	0
0.15	0.0
0.037500000000000006	0.025
0.0	0.0
0.03333333333333333	0.016666666666666666
0.05	0.025
0	0
0.09	0.03
0	0
0.03333333333333333	0.008333333333333333
0.041666666666666664	0.06666666666666667
0.03125	0.00625
0.0	0.0
0.25	0.125
0.016666666666666666	0.0
0.03333333333333333	0.0
0	0
0.016666666666666666	0.008333333333333333
0.016666666666666666	0.008333333333333333
0.05	0.025
0	0
0.0	0.0
0.05	0.0
0.02142857142857143	0.0071428571428571435
0.025	0.0125
0	0
0.0	0.0
0	0
0.025	0.0125
0.05	0.025
0	0
0.0	0.0
0.025	0.0
0.04375	0.00625
0.0125	0.0
0.025	0.0
0.1	0.0
0	0
0.0	0.0
0	0
0.0	0.0
0.125	0.0
0.0	0.0
0.05	0.025
0.05	0.0625
0.05	0.025
0.025	0.0
0.0625	0.0125
0.04375	0.00625
0.0	0.0
0	0
0.0125	0.0
0.0	0.0
0.030555555555555558	0.04722222222222223
0.05	0.010714285714285716
0	0
0.05	0.025
0.30625	0.0125
0.1	0.0
0.05	0.025
0.05	0.025
0	0
0	0
0.0	0.0
0	0
0	0
0.043750000000000004	0.037500000000000006
0.05	0.025
0.0	0.0
0.025	0.0
0.025	0.03125
0.0	0.0
0.075	0.0
0.0	0.0
0.08333333333333333	0.034374999999999996
0	0
0.0	0.0
0.0625	0.075
0	0
0.0	0.05
0.0	0.0
0.08124999999999999	0.025
0.0625	0.0125
0.025	0.05
0.0125	0.0
0.01	0.0
0.0	0.1
0.05	0.025
0.024999999999999998	0.049999999999999996
0	0
0.025	0.0125
0.15	0.0
0.025	0.0125
0.05	0.025
0.04	0.01
0.0	0.0
0.03333333333333333	0.016666666666666666
0.0	0.0
0.0	0.0
0.0	0.0
0.05	0.025
0.05	0.0125
0.05	0.0
0.037500000000000006	0.0125
0.09375	0.00625
0.05	0.025
0.05	0.0
0.049999999999999996	0.08888888888888889
0.05	0.025
0	0
0	0
0	0
0.03571428571428571	0.017857142857142856
0.016666666666666666	0.0
0.065	0.030000000000000006
0.05	0.025
0.10833333333333334	0.0125
0.058750000000000004	0.030625000000000003
0.06666666666666667	0.0
0.075	0.025
0.05	0.00625
0.0	0.0
0.056818181818181816	0.022727272727272728
0.07053571428571428	0.059821428571428574
0.025	0.0
0.05	0.025
0.016666666666666666	0.11666666666666668
0	0
0.0	0.0
0.0375	0.0
0.0	0.0
0	0
0.0	0.0
0.025	0.0
0	0
0.0638888888888889	0.09444444444444444
0.037500000000000006	0.0
0.0	0.0
0.037500000000000006	0.0
0	0
0	0
0.08333333333333333	0.0
0	0
0.06666666666666667	0.008333333333333333
0.06875	0.0625
0.0	0.0
0.0	0.016666666666666666
0.016666666666666666	0.0
0.025	0.0125
0.03333333333333333	0.049999999999999996
0.08125000000000002	0.024999999999999998
0.0	0.0
0.1	0.04
0.0	0.0
0.04333333333333335	0.03666666666666666
0	0
0.02857142857142857	0.0
0.049999999999999996	0.0035714285714285718
0.05	0.025
0.05	0.0
0.025	0.0
0	0
0.037500000000000006	0.025
0.0	0.0
0.0	0.0
0	0
0.078125	0.059375
0	0
0.049999999999999996	0.0
0.0	0.0
0.025	0.0125
0.06875	0.05625
0	0
0	0
0.125	0.0
0.0	0.0
0.075	0.0
0.0	0.0
0.135	0.015000000000000003
0.1	0.0125
0.05	0.025
0.0875	0.0
0.025	0.0125
0.025	0.0125
0	0
0.008333333333333333	0.041666666666666664
0	0
0.0	0.0
0.15	0.0
0.05	0.025
0.0	0.0
0.0125	0.0
0.0390625	0.0453125
0.018750000000000003	0.1
0	0
0.05	0.0
0.0	0.025
0.05	0.05
0	0
0.025	0.0
0	0
0	0
0.008333333333333333	0.0
0.020833333333333332	0.012500000000000002
0.0	0.0
0.016666666666666666	0.0
0	0
0.15	0.0
0	0
0	0
0.0375	0.0
0	0
0	0
0	0
0	0
0.025000000000000005	0.03333333333333333
0	0
0.05	0.025
0.0	0.0
0.05	0.075
0.05	0.025
0.025	0.0125
0.0	0.0
0	0
0	0
0.06500000000000002	0.025
0	0
0	0
0.0	0.0
0	0
0.21250000000000002	0.0
0.075	0.0
0	0
0	0
0.0	0.0
0	0
0.0	0.0
0.035	0.026250000000000002
0	0
0.0625	0.00625
0	0
0.05	0.025
0	0
0.11666666666666665	0.075
0.0390625	0.0078125
0	0
0.0	0.0
0.05	0.0
0	0
0.03333333333333333	0.008333333333333333
0	0
0.1	0.1
0	0
0.0	0.0
0.05	0.06785714285714287
0	0
0.0	0.0
0	0
0.05	0.025
0.043750000000000004	0.00625
0.05	0.025
0.0	0.1
0	0
0	0
0.075	0.075
0.05833333333333333	0.0
0	0
0.025	0.0
0.13333333333333333	0.008333333333333333
0.016666666666666666	0.0
0.0125	0.0
0	0
0.0	0.0
0.0375	0.0
0.0	0.0
0.06010909090909091	0.06261818181818181
0.025	0.0
0.025000000000000005	0.008333333333333333
0.0	0.0
0	0
0.0	0.0
0	0
0.0	0.0
0.07500000000000001	0.0
0.0	0.0
0.05000000000000001	0.025000000000000005
0.04285714285714286	0.05357142857142857
0	0
0	0
0.04375	0.03125
0.06250000000000001	0.0125
0.0125	0.0
0.05	0.0
0.0	0.0
0.017857142857142856	0.014285714285714287
0.016666666666666666	0.16666666666666666
0	0
0.0890625	0.0140625
0	0
0.06666666666666667	0.034374999999999996
0.05	0.025
0	0
0.05	0.0
0	0
0.05	0.025
0.0	0.0
0.016666666666666666	0.008333333333333333
0.0	0.0
0	0
0.041666666666666664	0.008333333333333333
0	0
0.0	0.0
0.025	0.015625
0.0	0.08333333333333333
0.0125	0.0
0	0
0.025	0.0
0.225	0.078125
0.3125	0.025
0.325	0.0
0	0
0.1	0.0125
0.05500000000000001	0.075
0.05	0.025
0	0
0.0	0.0
0	0
0.05	0.025
0	0
0	0
0	0
0.0375	0.1
0.25	0.125
0.025	0.0
0.07968750000000001	0.05
0.05	0.025
0.16250000000000003	0.10625000000000001
0.05	0.075
0	0
0	0
0.025	0.0125
0.025	0.0125
0.0	0.0
0.07083333333333333	0.041666666666666664
0.06499999999999999	0.04
0.01	0.0
0.25	0.125
0.025	0.075
0.00625	0.0
0.00625	0.0
0	0
0.08611111111111112	0.09722222222222222
0	0
0.05	0.012499999999999999
0	0
0.0	0.0
0.025	0.0
0.0	0.0
0.041666666666666664	0.11666666666666668
0.025	0.075
0.02916666666666667	0.008333333333333333
0.025	0.05
0.0	0.0
0.11250000000000003	0.004166666666666667
0.025000000000000005	0.012500000000000002
0.0875	0.025
0	0
0.016666666666666666	0.0
0	0
0.025	0.0125
0.024999999999999998	0.024999999999999998
0.05	0.025
0	0
0.0625	0.0125
0.008333333333333333	0.08333333333333333
0	0
0	0
0.0	0.0
0.026785714285714284	0.008928571428571428
0.025	0.0
0	0
0.075	0.03571428571428571
0.025	0.0
0.0125	0.0
0.06666666666666667	0.0
0.0	0.0
0.0	0.0
0.025	0.0
0	0
0.025	0.05
0	0
0	0
0	0
0	0
0.034999999999999996	0.01
0.053125000000000006	0.00625
0.03333333333333333	0.0
0.0	0.0
0.025	0.0
0.016666666666666666	0.0
0.0	0.0
0.008333333333333333	0.0
0.037500000000000006	0.0
0.05	0.07500000000000001
0.0	0.0
0.0	0.0
0	0
0	0
0.05	0.025
0	0
0.0125	0.0
0.17500000000000002	0.0
0.025	0.0
0.0	0.0
0.06875	0.05625
0.0	0.0
0.025	0.0625
0	0
0.0	0.0
0.025000000000000005	0.008333333333333333
0.0	0.0
0.016666666666666666	0.0
0.05	0.0
0.05833333333333333	0.016666666666666666
0.13749999999999998	0.1125
0	0
0.0	0.0
0.05	0.025
0	0
0.05	0.0125
0.025000000000000005	0.0
0.008333333333333333	0.0
0.0	0.0
0	0
0.025	0.0
0.0	0.0
0.05	0.025
0.0125	0.0
0.08333333333333333	0.016666666666666666
0.0	0.0
0.225	0.075
0.025	0.075
0	0
0.025	0.0
0.0	0.0
0.025	0.0125
0.06666666666666667	0.008333333333333333
0.05	0.05
0.06875	0.03125
0.0625	0.0125
0.0	0.0
0	0
0.075	0.0
0	0
0.0	0.0
0	0
0.03125	0.0
0.025	0.0
0.06999999999999999	0.015000000000000003
0.0	0.0
0.0	0.0
0.03333333333333333	0.016666666666666666
0.037500000000000006	0.0125
0	0
0.0	0.0
0.0	0.0
0.0125	0.0
0.0	0.0
0.008333333333333333	0.0
0.05	0.05
0.025	0.0
0.0	0.0
0.025000000000000005	0.0
0.1	0.0125
0	0
0.125	0.05
0	0
0	0
0	0
0.0625	0.075
0	0
0	0
0	0
0	0
0.016666666666666666	0.0
0.0	0.0
0.025	0.0375
0	0
0.05	0.025
0.025000000000000005	0.0
0.05	0.0625
0.0	0.0
0.0375	0.0
0	0
0	0
0.0	0.125
0.025	0.0
0.0	0.05
0.0875	0.025
0.025	0.0125
0.03333333333333333	0.008333333333333333
0.03333333333333333	0.008333333333333333
0.049999999999999996	0.005
0.05833333333333333	0.012499999999999999
0	0
0.0125	0.0
0	0
0.0	0.0
0.05	0.025
0.0	0.0
0.07	0.005
0	0
0.075	0.0
0.025	0.0
0	0
0.0	0.0
0.0	0.0
0.0	0.0
0.095	0.0
0.0	0.0
0.0	0.0
0.025	0.0125
0.05	0.05
0	0
0.05	0.005
0.025	0.05
0.08333333333333333	0.22083333333333333
0.0125	0.0
0.0125	0.0
0.0	0.0
0	0
0.1	0.0125
0.05	0.025
0.05	0.025
0.025	0.05
0.025	0.0
0.025	0.0
0.05	0.0
0.035	0.013333333333333334
0.025	0.0
0.11249999999999999	0.0875
0	0
0.0	0.0
0.049999999999999996	0.09166666666666667
0.1375	0.0875
0.05	0.025
0.0	0.0
0.037500000000000006	0.0
0.0	0.0
0.037500000000000006	0.2
0.0	0.025
0.020833333333333332	0.0625
0.075	0.016666666666666666
0.05	0.4
0.0	0.0
0	0
0.225	0.0
0.008333333333333333	0.0
0.016666666666666666	0.008333333333333333
0.0	0.0
0.037500000000000006	0.0125
0.05625	0.1375
0.1375	0.08750000000000001
0.05625	0.018750000000000003
0	0
0.1625	0.0
0.0125	0.0
0.025	0.05
0.15	0.0
0.125	0.0625
0.008333333333333333	0.0
0	0
0.025	0.0
0	0
0.037500000000000006	0.2
0.05714285714285714	0.02142857142857143
0.0875	0.1
0.0	0.0
0	0
0.05	0.01
0.015000000000000003	0.005
0.04	0.005
0.016666666666666666	0.008333333333333333
0.05	0.025
0	0
0.1875	0.03125
0.1875	0.03125
0.15625	0.03125
0.029166666666666664	0.012500000000000002
0.0	0.0
0.21250000000000002	0.0
0.17500000000000002	0.0375
0.1375	0.0
0.15	0.2
0.0	0.0
0.016666666666666666	0.008333333333333333
0	0
0.0	0.00625
0	0
0	0
0.025	0.0
0.005	0.02
0	0
0.0	0.0
0	0
0.0	0.1
0.025	0.020833333333333332
0	0
0.016666666666666666	0.008333333333333333
0	0
0	0
0.0	0.10833333333333334
0	0
0	0
0.05	0.025
0.057031250000000006	0.028125
0.025	0.00625
0	0
0	0
0.05	0.025
0	0
0.0125	0.0
0	0
0.0	0.0
0.037500000000000006	0.0
0.0875	0.0
0	0
0	0
0	0
0.0	0.0
0.1	0.0125
0.05	0.025
0.0	0.0
0.0	0.0
0.0	0.0
0.25	0.1
0.05	0.025
0.041666666666666664	0.0
0	0
0.015000000000000003	0.015
0.0638888888888889	0.016666666666666666
0.05	0.025
0.0875	0.1
0.08125	0.0
0.05	0.025
0.0	0.0
0.025	0.0
0.0875	0.0
0	0
0.0	0.0
0.075	0.0
0.03333333333333333	0.008333333333333333
0.025	0.0
0.06999999999999999	0.04666666666666666
0.13	0.01
0	0
0.05	0.025
0.037500000000000006	0.0125
0.1140625	0.0140625
0	0
0.0	0.0
0.025	0.0
0	0
0.025	0.0125
0	0
0.030000000000000006	0.025
0.025	0.0
0	0
0.025	0.075
0.029166666666666667	0.027083333333333334
0.0625	0.025
0.05	0.025
0.0375	0.0
0.05	0.025
0.042857142857142864	0.0071428571428571435
0.041666666666666664	0.016666666666666666
0.025	0.0
0.08958333333333333	0.05833333333333333
0.025	0.00625
0.15	0.0
0.041666666666666664	0.008333333333333333
0.05	0.025
0.016666666666666666	0.008333333333333333
0.05	0.025
0.021875	0.003125
0.03333333333333333	0.004166666666666667
0.05625	0.028125
0.04191176470588236	0.01911764705882353
0	0
0	0
0.041346153846153845	0.025961538461538463
0.025	0.0
0.0875	0.0
0.008333333333333333	0.0
0.05	0.025
0.06499999999999999	0.05
0.0	0.0
0	0
0.025000000000000005	0.008333333333333333
0.0	0.0
0.025	0.0125
0	0
0.05	0.025
0.0	0.0
0.1	0.0
0.0125	0.0
0.05	0.0
0.025000000000000005	0.0
0.0125	0.00625
0	0
0.0	0.0
0	0
0	0
0.041666666666666664	0.075
0	0
0	0
0	0
0.0	0.0
0.15	0.0
0	0
0.05	0.009375000000000001
0.05	0.0
0.15	0.0
0.0	0.0
0	0
0	0
0.037500000000000006	0.0125
0.0625	0.010714285714285716
0.025000000000000005	0.025000000000000005
0	0
0	0
0.0	0.0
0.05	0.025
0.0	0.0
0	0
0.025	0.0125
0	0
0.00625	0.0
0.025	0.0125
0.06666666666666667	0.008333333333333333
0.025	0.0
0.034374999999999996	0.009375000000000001
0.0	0.0
0	0
0.05	0.025
0	0
0	0
0	0
0.0	0.45
0	0
0.125	0.25
0.05	0.025
0	0
0.03125	0.09375
0.0875	0.0
0.025	0.0
0	0
0.0	0.0
0.024999999999999998	0.05000000000000001
0.065625	0.03125
0.0125	0.0
0.05	0.025
0.04722222222222222	0.016666666666666666
0	0
0	0
0	0
0.0	0.0
0	0
0	0
0.05	0.025
0.025	0.0125
0.1	0.0
0	0
0.025	0.0125
0	0
0.025	0.2
0.0	0.0
0.017499999999999998	0.02
0.05	0.025
0.059375	0.03125
0	0
0	0
0.025	0.0
0	0
0.0	0.0
0.025	0.0125
0	0
0.037500000000000006	0.0125
0	0
0.05	0.0
0.029166666666666664	0.004166666666666667
0	0
0.0125	0.0
0.05	0.025
0.05	0.025
0	0
0.08750000000000001	0.0125
0.025	0.0
0.025	0.0
0.025	0.0
0.0	0.1
0.024999999999999998	0.049999999999999996
0.0	0.0
0.01	0.005
0.15	0.0
0.1375	0.0625
0	0
0.05	0.05
0.053125	0.06875
0.06875	0.08750000000000001
0.018750000000000003	0.00625
0.05	0.025
0.05	0.075
0.0125	0.0
0.0	0.0
0.008333333333333333	0.0
0.015000000000000003	0.0
0.3875	0.0625
0	0
0.0375	0.03125
0.016666666666666666	0.03333333333333333
0.06041666666666667	0.0
0.05	0.025
0.025	0.175
0	0
0.037500000000000006	0.0125
0.027083333333333334	0.020833333333333332
0.016666666666666666	0.0
0.025	0.0
0	0
0.04375	0.0375
0.0	0.0
0	0
0.030000000000000006	0.01
0	0
0	0
0	0
0	0
0.25	0.0
0.05	0.0125
0	0
0.0	0.0
0	0
0.05	0.025
0.025	0.0
0	0
0.0	0.0
0.0625	0.025
0	0
0.0	0.0
0.05416666666666667	0.03125
0.05	0.025
0.0	0.0
0.025	0.0
0.05833333333333334	0.008333333333333333
0.0125	0.0
0.0125	0.0
0.0375	0.0375
0.05	0.1
0.015000000000000003	0.075
0	0
0.0	0.0
0.0	0.0
0.0	0.0
0.0375	0.03125
0.0	0.0
0.10833333333333334	0.0
0.1	0.0125
0.025	0.0
0.0	0.0
0	0
0.00625	0.025
0.02	0.005
0.05	0.025
0.03333333333333333	0.11666666666666665
0.1625	0.0
0.275	0.0
0.037500000000000006	0.0125
0	0
0	0
0.0	0.0
0	0
0.024999999999999998	0.008333333333333333
0	0
0.05000000000000001	0.03125000000000001
0.016666666666666666	0.008333333333333333
0.15	0.125
0.025	0.0
0.05	0.025
0	0
0	0
0	0
0.05	0.025
0	0
0	0
0	0
0	0
0.025	0.0
0.1875	0.0
0.025	0.0
0.05	0.025
0.059375	0.0125
0.016666666666666666	0.0
0.03333333333333333	0.016666666666666666
0	0
0.025	0.0
0.0875	0.0
0.15	0.2
0.0	0.0
0.05	0.025
0	0
0.11875000000000001	0.03125
0.025	0.01875
0.05882352941176472	0.020955882352941182
0	0
0.05	0.025
0.0625	0.5625
0.0	0.0
0.0375	0.0125
0.0	0.0
0	0
0.0	0.0
0	0
0.016666666666666666	0.0
0.0	0.125
0.056249999999999994	0.0
0.0	0.0
0.0	0.0
0.05625	0.016666666666666666
0.025	0.0125
0.037500000000000006	0.008333333333333333
0.025	0.0
0.05833333333333333	0.0
0.05	0.0375
0.0375	0.07083333333333333
0.05	0.01
0	0
0.05	0.025
0	0
0.0	0.0
0	0
0.0	0.125
0.0	0.125
0.05	0.0
0	0
0.0875	0.025
0.275	0.0
0.075	0.0
0	0
0.0625	0.025
0	0
0.0	0.025
0.11249999999999999	0.1375
0.05	0.025
0.025	0.0
0.049999999999999996	0.03333333333333333
0.025	0.005
0.15	0.0
0	0
0.05	0.025
0.037500000000000006	0.0125
0.025	0.0125
0.025	0.075
0.0125	0.0375
0	0
0.0625	0.00625
0	0
0	0
0	0
0	0
0.0125	0.0
0.15	0.0
0.05	0.025
0.041666666666666664	0.0
0	0
0.05	0.04
0.025	0.0
0.025	0.0125
0	0
0	0
0	0
0.0	0.0
0.05	0.025
0.03125	0.00625
0.025	0.0
0.1	0.0
0.025	0.0
0.0	0.1
0	0
0.075	0.008333333333333333
0.06666666666666667	0.0
0.0625	0.0
0	0
0.05	0.025
0.025	0.0
0	0
0.15	0.0
0	0
0	0
0.0	0.0
0.0375	0.0375
0.05	0.15
0.125	0.1
0.0125	0.0375
0	0
0.025	0.0125
0.05	0.025
0	0
0.0625	0.0
0.05833333333333333	0.06666666666666667
0.0	0.0
0	0
0.05	0.025
0	0
0.025	0.0
0.0	0.0
0	0
0.025	0.0
0.0	0.0
0.065	0.02
0.025000000000000005	0.008333333333333333
0.09999999999999999	0.0125
0.034375	0.0
0.049999999999999996	0.008333333333333333
0.0125	0.0
0.02	0.015000000000000003
0.11875	0.0125
0.05	0.0
0.05833333333333333	0.06666666666666667
0.0	0.008333333333333333
0.0	0.1
0.07500000000000001	0.00625
0.03125	0.0125
0	0
0	0
0.1	0.03125
0.11666666666666668	0.041666666666666664
0.04375	0.0
0.05	0.01
0	0
0	0
0.03125	0.28125
0.05000000000000001	0.029166666666666664
0.028125	0.01875
0.040625	0.015625
0.1708333333333333	0.0
0.04375	0.0
0.0	0.0
0.041666666666666664	0.0
0.025000000000000005	0.0
0.125	0.075
0.025	0.0
0	0
0.01	0.01
0.05	0.025
0.025	0.0
0.0	0.0
0.02	0.01
0.05625	0.0
0.052500000000000005	0.0375
0.03333333333333333	0.005555555555555556
0.0	0.1
0.015000000000000003	0.0
0.03333333333333333	0.008333333333333333
0.0875	0.1
0.0	0.0
0	0
0.0	0.0
0.125	0.275
0.05520833333333334	0.016666666666666666
0.025	0.0
0.125	0.075
0.03333333333333333	0.004166666666666667
0.008333333333333333	0.0
0.018750000000000003	0.0
0	0
0	0
0.0	0.0
0	0
0.0	0.0
0.03333333333333333	0.008333333333333333
0.1375	0.0625
0.05	0.05
0.075	0.0
0	0
0.05	0.025
0.025	0.0
0.03333333333333333	0.020833333333333332
0	0
0.0	0.0
0.040625	0.140625
0	0
0	0
0.0125	0.0
0.05	0.025
0.06666666666666667	0.008333333333333333
0.090625	0.00625
0.0875	0.0
0	0
0.049999999999999996	0.0
0.059375000000000004	0.01875
0.0125	0.025
0.075	0.0
0.05	0.025
0.025	0.0125
0.05	0.025
0.025	0.0
0	0
0	0
0.05	0.025
0	0
0	0
0.05	0.025
0.09	0.005
0	0
0	0
0	0
0	0
0.1125	0.03125
0.025	0.0
0.15625	0.09375
0.025	0.0
0.04375	0.00625
0	0
0	0
0	0
0.0125	0.0
0	0
0.05	0.037500000000000006
0.05	0.0
0.05	0.0125
0.0	0.0
0.1	0.0
0.0	0.0
0.05625	0.0
0	0
0.016666666666666666	0.049999999999999996
0.05	0.025
0.0	0.0
0.0	0.0
0	0
0	0
0	0
0.037500000000000006	0.0
0.025	0.0
0	0
0.125	0.05
0.037500000000000006	0.00625
0.075	0.025
0	0
0.021875000000000002	0.043750000000000004
0.0625	0.1375
0.05	0.1125
0	0
0.016666666666666666	0.016666666666666666
0.0	0.025
0.025	0.0
0.0	0.325
0	0
0.0	0.35
0.025000000000000005	0.008333333333333333
0.0	0.0
0.05	0.025
0.0	0.0
0.037500000000000006	0.0
0.0	0.0
0.05	0.025
0.034999999999999996	0.005
0.03125000000000001	0.003125
0.05	0.025
0	0
0.0	0.0
0	0
0.05	0.025
0	0
0.04	0.02
0	0
0.05	0.0
0.05	0.025
0.0	0.0625
0	0
0.059375	0.0
0.075	0.1416666666666667
0.03928571428571429	0.010714285714285716
0.024999999999999998	0.09166666666666667
0.016666666666666666	0.008333333333333333
0	0
0.025	0.0
0.0	0.0
0.0	0.0
0.025000000000000005	0.0
0.07500000000000001	0.0
0.00625	0.0
0.0	0.0
0.0125	0.0
0.07916666666666666	0.06666666666666667
0.045	0.05
0	0
0.05	0.0125
0	0
0.0390625	0.010937500000000001
0.016666666666666666	0.008333333333333333
0.025	0.0
0	0
0	0
0.06312500000000001	0.015625
0	0
0.026785714285714284	0.017857142857142856
0	0
0.18333333333333335	0.0
0.037500000000000006	0.0125
0.04375	0.03125
0.027083333333333334	0.11458333333333333
0.0125	0.0
0.009375000000000001	0.009375000000000001
0.041666666666666664	0.049999999999999996
0.1	0.1625
0	0
0.0	0.0
0.05	0.029545454545454545
0.0	0.025
0	0
0	0
0.1	0.0
0.016666666666666666	0.008333333333333333
0.05	0.025
0.015625	0.059375
0.145	0.04
0.07500000000000001	0.01
0	0
0.05	0.025
0	0
0.0	0.1
0.0	0.0
0.016666666666666666	0.0
0.025	0.0
0.05	0.0
0	0
0.025	0.0
0.025	0.0
0.0	0.0
0	0
0.03125	0.1
0	0
0	0
0.1	0.0
0.05	0.025
0.05	0.0
0.0875	0.0
0	0
0.0	0.0
0.025	0.0
0.05	0.025
0.0	0.0
0	0
0.0	0.0
0.041666666666666664	0.008333333333333333
0	0
0.0	0.0
0.04285714285714286	0.0035714285714285718
0.0	0.0
0.016666666666666666	0.041666666666666664
0.024999999999999998	0.009375
0	0
0	0
0	0
0.05	0.0
0	0
0	0
0.05	0.05
0	0
0	0
0.04375	0.00625
0.0	0.0
0	0
0.1	0.05
0	0
0	0
0	0
0	0
0	0
0	0
0	0
0.05	0.025
0.016666666666666666	0.008333333333333333
0	0
0.0	0.0
0	0
0.0	0.05
0	0
0.03125	0.018750000000000003
0	0
0	0
0.025	0.0125
0	0
0	0
0.03333333333333333	0.024999999999999998
0.037500000000000006	0.0
0.05833333333333333	0.0
0	0
0.06874999999999999	0.05625
0.0	0.0
0.016666666666666666	0.0
0	0
0.07500000000000001	0.018750000000000003
0.05833333333333333	0.016666666666666666
0	0
0.025	0.0
0.0	0.0
0	0
0.0	0.0
0.05000000000000001	0.008333333333333333
0.0625	0.0125
0.08333333333333333	0.016666666666666666
0.225	0.075
0.0	0.0
0.0625	0.0125
0.0	0.0
0.03541666666666667	0.0
0.0375	0.0375
0	0
0.05	0.075
0	0
0.0	0.0
0.0875	0.1
0.025	0.005
0	0
0	0
0	0
0.046875	0.031249999999999997
0.05	0.025
0.15833333333333335	0.008333333333333333
0.00625	0.0
0.0125	0.00625
0.1375	0.0
0	0
0	0
0.0640625	0.0203125
0.0	0.0
0.2	0.0
0	0
0	0
0.04	0.03333333333333333
0.025	0.0
0	0
0.075	0.025
0.025	0.0
0.016666666666666666	0.0
0.014285714285714287	0.0642857142857143
0	0
0	0
0	0
0.021875	0.0125
0	0
0.03333333333333333	0.012500000000000002
0	0
0.025	0.0
0.06666666666666667	0.075
0.0	0.025
0.008333333333333333	0.004166666666666667
0	0
0.05357142857142857	0.049999999999999996
0.0	0.0
0.0	0.03333333333333333
0.0	0.0
0	0
0	0
0	0
0.025	0.0125
0	0
0.0	0.0
0	0
0.025	0.025
0.05	0.0125
0.03958333333333334	0.029861111111111116
0.05	0.025
0	0
0.025	0.0
0.0	0.0
0.037500000000000006	0.0
0	0
0.025	0.0
0.0	0.0
0.008333333333333333	0.0
0.05	0.025
0.08125	0.0375
0.010714285714285716	0.02857142857142857
0.325	0.0
0.025	0.0
0.008333333333333333	0.0
0.0	0.0
0.03125	0.00625
0	0
0	0
0.23750000000000002	0.0
0.025	0.075
0.15000000000000002	0.075
0.0	0.0
0.10500000000000001	0.05500000000000001
0	0
0.05	0.025
0	0
0	0
0.05	0.025
0.05	0.025
0.0	0.375
0.016666666666666666	0.0
0	0
0.075	0.0
0	0
0.0875	0.0
0.025	0.0
0.0125	0.0
0.045	0.01
0.075	0.0125
0	0
0.037500000000000006	0.00625
0.0	0.0
0	0
0.06000000000000001	0.025
0	0
0	0
0	0
0	0
0.03333333333333333	0.008333333333333333
0.11875000000000001	0.01875
0.075	0.0125
0	0
0.0625	0.0
0.0125	0.0
0	0
0.0	0.0
0.06666666666666667	0.041666666666666664
0.04583333333333334	0.016666666666666666
0.016666666666666666	0.0
0.008333333333333333	0.0
0.15	0.0
0.025	0.0
0.05	0.025
0.034999999999999996	0.039999999999999994
0.045	0.034999999999999996
0.0	0.0
0.0	0.0
0	0
0.05	0.025
0.025	0.075
0.05	0.0
0.0375	0.025
0	0
0.03333333333333333	0.05833333333333333
0.1625	0.075
0.016666666666666666	0.0
0.025	0.0
0.0	0.0
0	0
0	0
0.0	0.0
0.08333333333333333	0.004166666666666667
0.021875	0.0125
0.025	0.0125
0.015625	0.0125
0.0125	0.0
0.0	0.1
0.00625	0.0
0.075	0.05
0	0
0.0	0.125
0.0	0.025
0.10714285714285714	0.09642857142857143
0.025	0.020454545454545454
0.0	0.0
0.0625	0.0
0.025	0.0
0.0	0.0
0.0	0.075
0.0	0.0
0.0	0.025
0.075	0.125
0.06249999999999999	0.0375
0.06458333333333334	0.02291666666666667
0.08068181818181819	0.002272727272727273
0	0
0.0	0.0
0.025	0.0625
0	0
0.05	0.0
0.0	0.0
0.041666666666666664	0.0
0.06785714285714287	0.0035714285714285718
0.0	0.0
0.0375	0.1
0.0875	0.0125
0.0875	0.0
0.0	0.0
0.0375	0.0625
0.0	0.0
0	0
0.0	0.0
0.025	0.0
0.015000000000000003	0.01
0.025	0.0125
0.04375	0.0
0.025	0.010714285714285716
0	0
0	0
0	0
0.05	0.025
0.0	0.0
0	0
0.025	0.0625
0	0
0	0
0	0
0.04722222222222222	0.09166666666666667
0.025	0.00625
0.0	0.0
0.0071428571428571435	0.014285714285714287
0.0125	0.0
0.0875	0.125
0.025	0.0125
0.025	0.0125
0.025	0.0125
0.025	0.0125
0	0
0.0	0.0
0.025	0.0
0.075	0.0
0.0	0.0
0.0	0.0
0.0125	0.0
0.016666666666666666	0.008333333333333333
0	0
0.0	0.0
0	0
0.0875	0.0
0.0125	0.0125
0	0
0.125	0.0
0	0
0.0	0.0
0.025000000000000005	0.0
0	0
0	0
0.030000000000000006	0.015000000000000003
0.0	0.0
0	0
0.075	0.1
0	0
0	0
0.008333333333333333	0.0
0	0
0.07500000000000001	0.0125
0.05446428571428572	0.011607142857142858
0.0	0.0
0	0
0.035416666666666666	0.0125
0.075	0.025
0	0
0	0
0	0
0.15	0.0
0.0	0.0
0	0
0.015000000000000003	0.025
0.0625	0.0
0.1375	0.1375
0.03125	0.0375
0	0
0.0	0.0
0.0515625	0.0140625
0	0
0.0	0.0
0.025	0.010714285714285716
0.05	0.025
0	0
0.025000000000000005	0.03333333333333333
0.1375	0.0
0.05	0.025
0.0	0.0
0.04615384615384616	0.01346153846153846
0.0	0.0
0.05	0.0125
0.0	0.05
0	0
0.015000000000000003	0.005
0.325	0.0
0.1	0.03125
0.0125	0.1875
0.08124999999999999	0.03125
0.045	0.01
0.0125	0.0
0	0
0.0	0.05
0.0625	0.04375
0	0
0.18000000000000002	0.005
0	0
0	0
0.0	0.125
0.025	0.0
0	0
0.0125	0.00625
0	0
0.0	0.0
0	0
0	0
0.025	0.0125
0.016666666666666666	0.019444444444444445
0	0
0.0	0.0
0	0
0.0	0.0
0.008333333333333333	0.10833333333333334
0.075	0.0
0.12395833333333334	0.026041666666666668
0.075	0.0
0.13125	0.018750000000000003
0	0
0.0	0.0
0	0
0	0
0	0
0	0
0.0	0.0
0.05	0.025
0.05	0.025
0.05	0.025
0.1	0.05
0.015625	0.003125
0.09	0.045
0.08333333333333333	0.008333333333333333
0	0
0.03333333333333333	0.016666666666666666
0.03333333333333333	0.0
0.0234375	0.0375
0.0625	0.03125
0	0
0.05	0.025
0.0	0.0
0.125	0.0
0	0
0	0
0	0
0.015000000000000003	0.0
0.04374999999999999	0.09375
0.125	0.05
0.0125	0.0
0.041666666666666664	0.0
0.05	0.0125
0.0	0.05
0.075	0.075
0.0625	0.018750000000000003
0.05000000000000001	0.016666666666666666
0.0125	0.0
0.0125	0.0375
0	0
0.125	0.225
0	0
0.0375	0.016666666666666666
0.008333333333333333	0.0
0	0
0	0
0.012499999999999999	0.016666666666666666
0.008333333333333333	0.0
0.0	0.0
0	0
0.0625	0.075
0.008333333333333333	0.0
0.05	0.025
0.17500000000000002	0.0
0.0375	0.0
0.05	0.025
0	0
0.041666666666666664	0.049999999999999996
0.05	0.025
0	0
0.0875	0.0
0.0	0.0
0.03333333333333333	0.025000000000000005
0	0
0.05	0.0
0	0
0.0125	0.0
0	0
0.0	0.0
0.0	0.0
0	0
0.05	0.075
0.0875	0.1
0.025	0.0
0.0	0.0
0.05	0.025
0.0	0.0
0	0
0.025000000000000005	0.008333333333333333
0.08	0.07
0.025	0.0
0.03928571428571428	0.049999999999999996
0.021428571428571432	0.0071428571428571435
0	0
0.0	0.0
0.09166666666666667	0.041666666666666664
0.09166666666666667	0.041666666666666664
0.037500000000000006	0.0
0.025	0.05
0.03333333333333333	0.008333333333333333
0	0
0.0	0.0
0.175	0.0625
0	0
0.03125	0.00625
0.0125	0.20833333333333334
0	0
0.05	0.0
0.025	0.0
0.014285714285714287	0.0071428571428571435
0.06999999999999999	0.0
0.0	0.0
0.025	0.0
0.05	0.025
0.06000000000000001	0.025
0	0
0.05	0.025
0.05	0.0625
0.0	0.0
0.07321428571428572	0.10714285714285714
0	0
0.015000000000000003	0.075
0	0
0.0	0.1625
0.05	0.08
0.037500000000000006	0.0
0.025	0.0
0.225	0.016666666666666666
0.08611111111111112	0.011111111111111112
0.0	0.0
0.05	0.0
0.05	0.025
0.008333333333333333	0.0
0.0	0.0125
0.025	0.00625
0.025	0.0125
0	0
0.025	0.0125
0.025000000000000005	0.008333333333333333
0	0
0	0
0.037500000000000006	0.0
0	0
0.24166666666666667	0.016666666666666666
0.0	0.0
0.275	0.0
0	0
0	0
0.025	0.0125
0.06500000000000002	0.019999999999999997
0.05	0.025
0	0
0	0
0.05	0.00625
0.05	0.025
0	0
0.037500000000000006	0.0125
0.0	0.0
0.008333333333333333	0.025000000000000005
0.018750000000000003	0.0375
0.15	0.0
0.05	0.025
0	0
0	0
0.0125	0.0
0.15	0.0
0.0	0.025
0.0	0.0
0.044444444444444446	0.008333333333333333
0	0
0.0	0.0
0.049999999999999996	0.09166666666666667
0.04375	0.0625
0.0	0.0
0.06666666666666667	0.09166666666666667
0.056249999999999994	0.00625
0.034999999999999996	0.015
0.09166666666666667	0.041666666666666664
0.0	0.1
0	0
0.03333333333333333	0.049999999999999996
0.05	0.025
0	0
0.075	0.125
0.05	0.0125
0.0	0.0
0.0	0.0
0.05	0.0
0.030681818181818185	0.04886363636363637
0	0
0	0
0	0
0	0
0.008333333333333333	0.0
0	0
0.275	0.0125
0.05	0.025
0.0	0.0
0.016666666666666666	0.0
0	0
0.025	0.16
0	0
0.05	0.025
0.05	0.025
0.03125	0.00625
0.05	0.025
0	0
0	0
0.037500000000000006	0.0
0.025	0.0125
0.0	0.375
0	0
0.325	0.0
0.325	0.0
0.0	0.0
0.11499999999999999	0.01
0	0
0.03571428571428571	0.024999999999999998
0.025	0.0125
0.0	0.0
0.0	0.0
0.010714285714285716	0.0
0.008333333333333333	0.004166666666666667
0.07500000000000001	0.0125
0.03928571428571429	0.017857142857142856
0.025	0.0
0.075	0.0
0.05	0.025
0.0	0.0
0	0
0.075	0.0
0	0
0.05	0.0625
0	0
0.043750000000000004	0.0375
0	0
0	0
0.0	0.0
0.043750000000000004	0.04375
0.075	0.05
0	0
0.02	0.01
0.03125	0.0
0.015000000000000003	0.015
0.037500000000000006	0.0
0.016666666666666666	0.0
0.025	0.0
0.025	0.0
0.08333333333333333	0.008333333333333333
0.025	0.11666666666666667
0.025	0.11666666666666667
0.0475	0.042499999999999996
0.0	0.0
0.05	0.0125
0.05	0.025
0	0
0.0375	0.0
0.025	0.0
0.0	0.0
0	0
0	0
0.0	0.0125
0.04583333333333334	0.008333333333333333
0.14166666666666666	0.008333333333333333
0.05000000000000001	0.0
0.058750000000000004	0.008125
0.05	0.0625
0.014583333333333332	0.09375
0.03928571428571429	0.03571428571428571
0	0
0.05	0.025
0	0
0.045	0.02
0.016666666666666666	0.008333333333333333
0	0
0.025	0.0
0.03125	0.00625
0.05	0.025
0.17083333333333334	0.00625
0.025	0.0125
0.03125	0.375
0.0	0.0
0.0	0.0
0.0	0.037500000000000006
0	0
0.075	0.0625
0.0	0.0
0.15625	0.09375
0.0703125	0.0203125
0.05	0.025
0.06666666666666667	0.008333333333333333
0.0	0.0
0	0
0.049999999999999996	0.0125
0.03333333333333333	0.016666666666666666
0	0
0.09861111111111111	0.011111111111111112
0.0125	0.0
0.0	0.03333333333333333
0.10833333333333334	0.0
0.0875	0.0
0.0	0.0
0.025000000000000005	0.008333333333333333
0.0125	0.0
0.0	0.125
0.008333333333333333	0.008333333333333333
0.03125	0.0125
0.0	0.0
0	0
0.05	0.025
0.0	0.0
0.030000000000000006	0.034999999999999996
0.029166666666666664	0.125
0	0
0.025000000000000005	0.008333333333333333
0.025	0.0
0	0
0.037500000000000006	0.0
0.025	0.0125
0.0	0.0
0	0
0.0	0.0
0.15	0.0
0.0	0.013888888888888888
0.0	0.0
0	0
0	0
0.08214285714285716	0.0035714285714285718
0.0	0.041666666666666664
0	0
0.05	0.09333333333333335
0.0125	0.0125
0.0625	0.0
0.008333333333333333	0.0
0.0	0.0
0.075	0.008333333333333333
0	0
0.275	0.0
0.0	0.0
0.05	0.025
0.025	0.0125
0.075	0.0
0.0	0.0
0	0
0.0	0.0
0.12499999999999999	0.10625000000000001
0.05	0.025
0.0	0.0
0	0
0.05	0.025
0.03125	0.00625
0.025000000000000005	0.008333333333333333
0.2	0.0625
0.03333333333333333	0.008333333333333333
0.037500000000000006	0.09375000000000001
0.07	0.01
0.0125	0.0
0.0	0.016666666666666666
0	0
0.03	0.005
0.0	0.0
0	0
0.05	0.025
0.025	0.0
0.05	0.025
0	0
0.017857142857142856	0.0035714285714285718
0.11000000000000001	0.05
0.046875	0.01875
0	0
0.03571428571428571	0.03214285714285715
0.016666666666666666	0.0
0.04375	0.0125
0	0
0.05	0.025
0.15	0.0
0	0
0.153125	0.0
0.0	0.09999999999999999
0.17500000000000002	0.041666666666666664
0	0
0	0
0.05	0.04
0.0	0.0125
0.0	0.0
0.0	0.0
0.06666666666666667	0.008333333333333333
0	0
0.05	0.025
0.05	0.025
0.016666666666666666	0.0
0	0
0.06666666666666667	0.024999999999999998
0	0
0.0625	0.03125
0.03125	0.0
0.0	0.0
0.056249999999999994	0.04375
0	0
0.05	0.025
0.0375	0.0
0.0	0.075
0.05	0.025
0	0
0.05	0.025
0.0	0.1
0.0125	0.0
0	0
0.025	0.0125
0.1	0.0125
0.0	0.0
0.025	0.0125
0.029166666666666664	0.008333333333333333
0.06666666666666667	0.012500000000000002
0.05	0.025
0.075	0.0
0	0
0.05	0.025
0.125	0.0625
0.07500000000000001	0.03125
0.05	0.025
0.0	0.0
0.025	0.075
0.025	0.0
0.018750000000000003	0.0
0.025000000000000005	0.008333333333333333
0.05	0.0
0.025	0.0125
0.037500000000000006	0.018750000000000003
0.0	0.0
0.05	0.05
0.025	0.0125
0	0
0.025	0.0125
0.01	0.005
0.0875	0.003125
0.05	0.0
0.0	0.0
0	0
0.0	0.1
0	0
0.025	0.005
0.0625	0.0
0.05	0.025
0.0625	0.025
0.05	0.025
0	0
0.09375	0.025
0	0
0	0
0.0	0.0
0.0	0.0
0.025000000000000005	0.008333333333333333
0.03125	0.0
0.15000000000000002	0.0
0.025	0.0125
0.078125	0.015625
0.02857142857142857	0.06785714285714287
0	0
0	0
0.009375000000000001	0.021875
0.0	0.0
0.016666666666666666	0.0
0	0
0	0
0.025	0.0
0.0	0.0
0.01	0.005
0.0125	0.0
0.008333333333333333	0.0
0.08333333333333333	0.7916666666666666
0.0	0.0
0.0	0.0
0.020833333333333332	0.0
0.0125	0.0
0.0	0.0
0.0	0.0
0.0	0.0
0	0
0.05	0.025
0.016666666666666666	0.008333333333333333
0.025	0.01
0.025	0.0125
0.025000000000000005	0.0
0.0830357142857143	0.03660714285714285
0	0
0.05	0.025
0.0	0.0
0.0	0.0
0.034999999999999996	0.05
0.0125	0.0
0.05	0.0
0.0	0.375
0	0
0.030000000000000006	0.005
0.0	0.0
0.0	0.0
0.0453125	0.0
0.08333333333333333	0.0
0	0
0.0	0.0
0.0	0.0
0.016666666666666666	0.008333333333333333
0	0
0.05	0.025
0.018750000000000003	0.1625
0.00625	0.0
0.0125	0.0375
0.046875	0.01875
0	0
0.025	0.075
0	0
0	0
0	0
0.0125	0.0
0	0
0.025	0.0
0.0375	0.030357142857142857
0	0
0.0125	0.03125
0.019642857142857146	0.016071428571428573
0.125	0.0
0.0	0.0
0.03333333333333333	0.008333333333333333
0.05	0.05625
0.0125	0.0
0.025000000000000005	0.0
0.0	0.0
0.13333333333333333	0.13333333333333333
0.037500000000000006	0.0
0	0
0.030000000000000006	0.005
0.059375000000000004	0.01875
0.06944444444444446	0.06944444444444445
0.025000000000000005	0.011111111111111112
0.03125	0.0125
0.0375	0.0625
0	0
0.008333333333333333	0.0
0.04722222222222222	0.0638888888888889
0.0375	0.0125
0.065625	0.003125
0.0375	0.0
0.0125	0.0375
0	0
0.0375	0.0125
0.03419117647058824	0.04154411764705883
0.0125	0.0125
0.04	0.034999999999999996
0.0	0.0
0	0
0.05	0.025
0	0
0.03333333333333333	0.016666666666666666
0.0	0.0
0.103125	0.0125
0	0
0	0
0.044444444444444446	0.025
0	0
0.025	0.05
0	0
0.1375	0.0625
0.04583333333333334	0.0
0.025000000000000005	0.0
0.0	0.0
0	0
0.025000000000000005	0.0
0.025	0.0
0.1	0.03125
0.016666666666666666	0.022222222222222223
0.0	0.05
0.0125	0.0
0.0	0.0
0.025	0.0125
0.025	0.0
0.00625	0.0
0.05	0.025
0.0	0.0
0.025	0.075
0.042499999999999996	0.045000000000000005
0.0625	0.0
0.008333333333333333	0.0
0.015000000000000003	0.005
0.0	0.0
0.15	0.0
0	0
0.05	0.025
0.15625	0.03125
0.025	0.0
0.016666666666666666	0.008333333333333333
0.025000000000000005	0.09166666666666667
0.0	0.0
0.0	0.0
0.0	0.0
0.03333333333333333	0.016666666666666666
0	0
0	0
0.08125000000000002	0.025
0.0	0.0
0.05500000000000002	0.011666666666666665
0.037500000000000006	0.2
0.05	0.00625
0.05	0.025
0	0
0.0125	0.0
0	0
0.0	0.0
0	0
0.0	0.0
0.05	0.05
0.05	0.025
0.016666666666666666	0.016666666666666666
0	0
0	0
0	0
0.0	0.0125
0.0	0.0
0.020833333333333332	0.016666666666666666
0.0	0.0
0.028571428571428574	0.060714285714285714
0.0125	0.0
0.05	0.025
0.04375	0.0
0	0
0.075	0.0
0.025000000000000005	0.0
0.0	0.0
0.025	0.0
0.03333333333333333	0.008333333333333333
0.0	0.0
0	0
0.0	0.0
0.04375	0.0125
0	0
0.05	0.034999999999999996
0.06875	0.08541666666666667
0.15	0.0
0	0
0.0	0.0
0.025	0.0
0.06666666666666667	0.0
0.020833333333333332	0.0
0.029166666666666664	0.012500000000000002
0	0
0.059375000000000004	0.034375
0.0	0.0
0	0
0.05	0.025
0.275	0.0
0	0
0.12083333333333335	0.12916666666666668
0.06000000000000001	0.05
0.03214285714285715	0.033928571428571426
0	0
0	0
0.037500000000000006	0.0
0.05	0.025
0.0	0.0
0.11875000000000001	0.01875
0.15	0.05
0.01875	0.01875
0.0125	0.025
0.025	0.0
0.0625	0.029166666666666664
0	0
0.05	0.025
0	0
0.0875	0.025
0.03333333333333333	0.07083333333333335
0.0	0.0
0.0	0.35
0	0
0.025	0.025
0.05	0.025
0.05500000000000001	0.025
0	0
0.07916666666666666	0.07083333333333333
0.05	0.025
0.05	0.0
0	0
0.09166666666666667	0.041666666666666664
0.05	0.0125
0	0
0	0
0.05	0.005
0.1375	0.0625
0	0
0	0
0.0	0.0
0.08125	0.03125
0.025	0.0
0.025	0.0
0.0125	0.0
0	0
0.2916666666666667	0.008333333333333333
0	0
0.025	0.075
0.025	0.0125
0.07500000000000001	0.03333333333333333
0.01	0.0
0.1375	0.0
0.15	0.2
0.025	0.0
0.075	0.1
0.0	0.0
0	0
0.037500000000000006	0.2
0	0
0.05	0.025
0.0	0.0
0.10833333333333334	0.16666666666666666
0.10833333333333334	0.16666666666666666
0	0
0.05	0.025
0.05	0.025
0.05	0.025
0.015000000000000003	0.005
0	0
0	0
0.045	0.005
0.025	0.0
0.05	0.025
0.016666666666666666	0.05833333333333333
0.025000000000000005	0.008333333333333333
0.025000000000000005	0.0
0.21250000000000002	0.0
0.05000000000000001	0.012499999999999999
0.018750000000000003	0.0
0	0
0	0
0	0
0.0625	0.0125
0.025	0.0125
0.0375	0.075
0.0375	0.009375000000000001
0.0125	0.0
0.075	0.05
0.0	0.0
0.016666666666666666	0.0
0	0
0.025	0.0
0.0125	0.00625
0.07500000000000001	0.03125
0.016666666666666666	0.008333333333333333
0.05	0.025
0.05	0.00625
0.041666666666666664	0.008333333333333333
0	0
0	0
0.0	0.0
0.01	0.0
0	0
0.025	0.0
0.0	0.0
0.0	0.0
0.275	0.0
0	0
0.025	0.0
0.025	0.0
0.043125000000000004	0.003125
0	0
0	0
0.025	0.0
0	0
0	0
0.05	0.0
0.05	0.0
0.05	0.025
0	0
0.05	0.025
0.0	0.0
0.052083333333333336	0.00625
0.05	0.075
0.030000000000000006	0.015
0	0
0.041666666666666664	0.008333333333333333
0	0
0.05	0.025
0.0125	0.0
0.05	0.025
0.01	0.0
0.0	0.0
0.0	0.0
0	0
0.03333333333333333	0.09999999999999999
0.016666666666666666	0.0
0.025000000000000005	0.008333333333333333
0.045	0.04
0.034375	0.034375
0.1375	0.0625
0.0875	0.1
0.0	0.0
0	0
0.04375	0.03125
0.025	0.0125
0.08571428571428572	0.030357142857142857
0.037500000000000006	0.037500000000000006
0	0
0.1	0.03
0.14500000000000002	0.05
0.15	0.0
0.0125	0.0
0.0	0.0
0.08124999999999999	0.025
0.029166666666666664	0.024999999999999998
0.0625	0.0125
0.0125	0.0375
0.10069444444444446	0.03958333333333334
0	0
0	0
0.0	0.075
0.15	0.0
0.0	0.0
0.053125000000000006	0.07500000000000001
0.12500000000000003	0.024999999999999998
0	0
0.025	0.0
0.028125000000000004	0.03125
0.037500000000000006	0.0
0	0
0	0
0.0	0.0
0	0
0.045	0.0
0	0
0	0
0	0
0.0	0.0
0.0	0.0
0.0125	0.0
0.02291666666666667	0.006250000000000001
0.041666666666666664	0.041666666666666664
0.0	0.0
0.05	0.025
0.025	0.0
0	0
0.0	0.0
0.05	0.025
0	0
0.125	0.075
0.078125	0.0625
0.1375	0.0625
0.024999999999999998	0.024999999999999998
0	0
0	0
0.275	0.0
0	0
0	0
0.0	0.0
0.05	0.025
0.0625	0.1875
0.0	0.0
0.008333333333333333	0.0
0	0
0.0	0.0
0	0
0.17500000000000002	0.0
0.6	0.025
0	0
0.0	0.0
0.3125	0.0
0.05	0.0125
0.05	0.025
0	0
0.025	0.0
0	0
0.0	0.125
0	0
0.037500000000000006	0.2
0.029166666666666664	0.012499999999999999
0.025	0.0375
0.0125	0.0
0	0
0.0	0.0
0	0
0.008333333333333333	0.0
0.0	0.0
0.10000000000000002	0.075
0.0	0.00625
0	0
0.0125	0.0375
0.037500000000000006	0.0
0.041666666666666664	0.016666666666666666
0.025	0.0
0.10833333333333334	0.016666666666666666
0	0
0.0	0.0
0.025	0.0125
0.08499999999999999	0.005
0.05	0.025
0.0	0.0
0.05	0.025
0.008333333333333333	0.0
0.075	0.0
0.0	0.0
0.0953125	0.0203125
0.008333333333333333	0.0
0	0
0.0	0.1
0	0
0	0
0.021428571428571432	0.027380952380952384
0	0
0	0
0.04583333333333334	0.029166666666666664
0.0	0.0
0.05	0.01
0.04107142857142857	0.0035714285714285718
0.03	0.04
0	0
0.06736111111111111	0.017361111111111112
0.025	0.0125
0.03571428571428571	0.0071428571428571435
0	0
0.03928571428571429	0.017857142857142856
0.03125	0.0375
0	0
0	0
0.016666666666666666	0.008333333333333333
0.037500000000000006	0.0125
0	0
0	0
0	0
0.0	0.075
0.016666666666666666	0.0
0.0	0.0
0	0
0.025	0.0
0.04583333333333334	0.0375
0.025	0.0
0.0	0.0
0.0	0.0
0.125	0.0375
0.16875	0.28125
0.0	0.0
0.0	0.0
0.0875	0.037500000000000006
0	0
0.075	0.1
0.0	0.0
0.0	0.0
0.05	0.05
0.05	0.05
0.02	0.01
0.03333333333333333	0.0
0.05	0.0
0.0	0.0
0.0625	0.05
0.0125	0.0
0.0375	0.1
0.039999999999999994	0.017499999999999998
0	0
0.025	0.0
0.0	0.049999999999999996
0	0
0	0
0	0
0.0	0.0
0	0
0.025	0.0
0.05	0.025
0	0
0.0	0.0
0.0	0.025
0.024999999999999998	0.0
0.008333333333333333	0.008333333333333333
0.0125	0.0
0	0
0.029166666666666667	0.07916666666666668
0.06666666666666667	0.008333333333333333
0.06041666666666667	0.0
0.025	0.0
0.0	0.0
0.037500000000000006	0.0125
0.04375	0.1125
0.025	0.0
0	0
0.05	0.06785714285714285
0.028125	0.00625
0.05	0.025
0	0
0.1625	0.15000000000000002
0.275	0.275
0.05	0.0125
0.0	0.0
0.025	0.0125
0.05	0.025
0.025	0.00625
0.025	0.0125
0.09090909090909091	0.045454545454545456
0	0
0.10625000000000001	0.08750000000000001
0.025	0.0
0	0
0.041666666666666664	0.075
0	0
0.0125	0.0
0.016666666666666666	0.010416666666666666
0.0	0.0
0	0
0.0	0.1
0.025	0.0375
0.0	0.0
0	0
0.1	0.0125
0.05	0.025
0	0
0.041666666666666664	0.008333333333333333
0.0125	0.0375
0.045	0.02
0.037500000000000006	0.05
0.0	0.0
0.03333333333333333	0.008333333333333333
0.025	0.0
0.049999999999999996	0.0
0.025	0.03125
0.041666666666666664	0.0
0.05	0.005
0.0125	0.0
0.03333333333333333	0.0
0.05	0.025
0.06666666666666667	0.0
0.0	0.0
0.0	0.15
0.05499999999999999	0.01
0.04583333333333333	0.0
0.03333333333333333	0.016666666666666666
0.025	0.0
0.025	0.0
0.10312500000000001	0.021875
0.06666666666666667	0.012499999999999999
0.025	0.0
0.016666666666666666	0.0
0	0
0	0
0.0	0.041666666666666664
0.008333333333333333	0.024999999999999998
0.0	0.0
0	0
0.008333333333333333	0.004166666666666667
0.037500000000000006	0.05
0.05	0.025
0.1	0.0125
0.05	0.025
0	0
0.048333333333333325	0.005
0.0453125	0.021875
0.008333333333333333	0.0
0.043750000000000004	0.012499999999999999
0.0125	0.0
0	0
0	0
0	0
0.05	0.015000000000000003
0.025000000000000005	0.024999999999999998
0.0	0.0
0.05	0.0
0.0	0.0
0.04583333333333334	0.0375
0.025	0.0
0.036111111111111115	0.0
0	0
0.125	0.01
0	0
0.041666666666666664	0.016666666666666666
0.1	0.05
0.11499999999999999	0.005
0.05	0.025
0.05	0.0125
0.05	0.025
0	0
0.0	0.0
0.03333333333333333	0.07083333333333335
0.0325	0.0375
0.01	0.0
0.07500000000000001	0.037500000000000006
0.018750000000000003	0.01875
0	0
0.025	0.0
0	0
0.041666666666666664	0.016666666666666666
0	0
0	0
0.075	0.00625
0	0
0.025	0.10625000000000001
0.06785714285714287	0.0071428571428571435
0.05833333333333333	0.022222222222222223
0.025	0.0
0.025	0.0
0.008333333333333333	0.0
0.025	0.0
0.05	0.0125
0	0
0	0
0	0
0.025	0.025
0.025	0.0
0.03125	0.28125
0.026562500000000003	0.0703125
0.025	0.005
0.0	0.0
0.029166666666666664	0.012500000000000002
0	0
0.029166666666666664	0.004166666666666667
0.037500000000000006	0.0
0	0
0	0
0.05	0.025
0.0	0.1
0.05	0.025
0	0
0.06249999999999999	0.020833333333333332
0.041666666666666664	0.0
0.025	0.0
0.05	0.05
0.325	0.0
0.15	0.0
0.09375	0.0
0.041666666666666664	0.0
0.0	0.0125
0.1375	0.1125
0	0
0	0
0.0125	0.0
0.0	0.0
0.16666666666666666	0.0
0.0	0.0
0.19166666666666665	0.0
0.008333333333333333	0.0
0	0
0	0
0.0	0.0
0.45	0.0
0.1	0.1125
0.0125	0.0
0	0
0.0	0.0
0.0	0.0
0.025	0.00625
0.0625	0.0
0	0
0.034999999999999996	0.005
0	0
0	0
0.029166666666666664	0.04583333333333334
0.06666666666666667	0.008333333333333333
0.0	0.0
0.05833333333333333	0.0
0.0	0.0
0.0	0.0
0.0	0.0
0.030000000000000006	0.015
0.045	0.03
0.03125	0.00625
0.075	0.01875
0.025	0.05
0.056249999999999994	0.1
0.0	0.0
0	0
0.0	0.0
0.05	0.025
0.025	0.0
0.00625	0.0
0.07999999999999999	0.02
0	0
0.0	0.0
0.05	0.05
0.025000000000000005	0.0
0.025	0.0125
0.0	0.0
0.07500000000000001	0.0125
0.10833333333333334	0.041666666666666664
0	0
0.0	0.0
0.03125000000000001	0.04318181818181818
0.05	0.025
0.018750000000000003	0.00625
0.0	0.0
0.05	0.05
0.05	0.025
0.00625	0.0
0.075	0.03
0.05	0.0
0	0
0.00625	0.0
0.025	0.00625
0.041666666666666664	0.125
0.05833333333333333	0.06666666666666667
0.00625	0.0
0	0
0.125	0.0
0.05833333333333334	0.020833333333333332
0.01	0.0
0.03333333333333333	0.13333333333333333
0.0	0.0
0.036111111111111115	0.012037037037037037
0	0
0	0
0.05	0.025
0.10625	0.07812500000000001
0.0	0.0
0.0125	0.0
0.084375	0.025
0.075	0.1
0.0	0.05
0	0
0.05	0.025
0.075	0.025000000000000005
0.0	0.0
0.0	0.1
0.05	0.2
0.025	0.0
0.05	0.025
0.05	0.025
0.05	0.025
0.008333333333333333	0.004166666666666667
0.125	0.1125
0.05	0.0125
0.05	0.025
0.034999999999999996	0.005
0.056249999999999994	0.00625
0.020833333333333332	0.0
0.05	0.025
0	0
0.0	0.0
0.025	0.0
0.0	0.0
0.008333333333333333	0.0
0.04583333333333334	0.024999999999999998
0.05	0.025
0	0
0.0	0.0
0	0
0.07500000000000001	0.037500000000000006
0	0
0	0
0.05625	0.29375
0.1	0.06999999999999999
0.0	0.0
0.11666666666666665	0.09166666666666667
0.040625000000000015	0.028125
0.04444444444444444	0.011111111111111112
0.05	0.025
0.0	0.0
0.0	0.0
0.05	0.0
0	0
0	0
0	0
0	0
0.036111111111111115	0.0
0.03125	0.0125
0.0	0.0
0	0
0.0	0.0
0	0
0	0
0.025	0.00625
0.025	0.0125
0	0
0.025	0.0125
0	0
0.025	0.075
0.016666666666666666	0.11666666666666668
0.025	0.025
0.0	0.0
0	0
0.025	0.0125
0	0
0.05833333333333334	0.008333333333333333
0.0	0.0
0.0	0.024999999999999998
0	0
0	0
0	0
0.025	0.025
0.041666666666666664	0.0
0.0	0.0
0.0	0.0
0.056249999999999994	0.01875
0	0
0	0
0.0	0.0
0.0	0.0
0	0
0.0125	0.00625
0.0	0.0
0.025000000000000005	0.0
0.025	0.0
0.018750000000000003	0.0
0.016666666666666666	0.002777777777777778
0.025	0.0125
0.03	0.0
0.05	0.025
0.0	0.0
0.0	0.0
0.0	0.0
0.0	0.0
0.1	0.0
0.03333333333333333	0.024999999999999998
0.037500000000000006	0.0125
0.025	0.0
0.03333333333333333	0.0
0.0	0.0
0	0
0.025	0.05
0	0
0.0	0.0
0.06428571428571428	0.014285714285714287
0.11875000000000001	0.0375
0.025	0.0125
0.0	0.0
0	0
0.05	0.025
0.0	0.0
0.0	0.025
0.03333333333333333	0.13333333333333333
0.05	0.025
0	0
0.075	0.02
0.016666666666666666	0.0
0.05	0.025
0	0
0.037500000000000006	0.0
0.02	0.005
0.0	0.0
0	0
0.0	0.0
0.05625	0.00625
0	0
0.0375	0.0
0.05	0.025
0	0
0.020833333333333332	0.004166666666666667
0.034999999999999996	0.005
0.06875	0.03125
0	0
0.025	0.0
0	0
0	0
0.05	0.025
0	0
0	0
0	0
0.05	0.0
0.07083333333333335	0.029166666666666664
0.05	0.0
0.0	0.0
0	0
0	0
0.025000000000000005	0.03333333333333333
0.275	0.0
0.0	0.025
0	0
0.05833333333333333	0.0
0.05	0.02857142857142857
0.04375	0.021249999999999998
0.05555555555555555	0.02361111111111111
0.0375	0.042499999999999996
0.025000000000000005	0.0
0.11000000000000001	0.03
0.018750000000000003	0.1
0.05	0.025
0.05	0.025
0	0
0.0	0.0
0.016666666666666666	0.041666666666666664
0.037500000000000006	0.05
0.05	0.025
0	0
0.025	0.0125
0	0
0.05	0.05
0.008333333333333333	0.0
0.05625	0.0375
0.0	0.0
0.0	0.0
0.0	0.0
0.0125	0.0375
0.05	0.025
0.0	0.0
0	0
0.0	0.0
0.0	0.0
0.0	0.0
0.016666666666666666	0.0
0.09999999999999999	0.15416666666666667
0.04285714285714286	0.028571428571428574
0.028571428571428574	0.02142857142857143
0.08333333333333333	0.09166666666666667
0.0	0.0
0.0375	0.0
0	0
0.0	0.0
0.0	0.0
0.08750000000000001	0.0375
0.05	0.025
0.0	0.0
0.075	0.0
0.0	0.0
0.025	0.0
0.025	0.0
0.1	0.0
0	0
0.05	0.025
0.0	0.0
0.020833333333333332	0.1875
0.325	0.0
0.19166666666666665	0.041666666666666664
0.103125	0.028125
0.016666666666666666	0.016666666666666666
0	0
0.05	0.0125
0	0
0.024999999999999998	0.008333333333333333
0.049999999999999996	0.024999999999999998
0.05	0.0125
0	0
0.10833333333333334	0.049999999999999996
0.0	0.0
0.025	0.0125
0	0
0.0	0.0
0.0	0.0
0	0
0.028125000000000004	0.003125
0.05	0.025
0	0
0	0
0.05833333333333333	0.0
0.08750000000000001	0.03125
0.05	0.025
0.037500000000000006	0.0125
0.025	0.0
0.0	0.0
0.037500000000000006	0.0125
0.0	0.0
0	0
0	0
0	0
0.0	0.0
0.06875	0.05625
0.0	0.0
0.025	0.0625
0	0
0.0	0.0
0.025000000000000005	0.008333333333333333
0.0	0.0
0.0	0.1
0.05	0.025
0.07500000000000001	0.0125
0.06666666666666667	0.0
0	0
0.03125	0.04687500000000001
0.075	0.0
0.025	0.0
0.0	0.0
0.0	0.0
0.025	0.0
0	0
0.05833333333333334	0.008333333333333333
0.025	0.025
0.1	0.0125
0	0
0.0	0.0
0	0
0	0
0.025000000000000005	0.008333333333333333
0.0	0.0
0	0
0.0	0.0
0.0	0.0
0	0
0	0
0.05	0.025
0.0	0.0
0.03214285714285714	0.0035714285714285718
0.0	0.0
0.0	0.0
0.075	0.0
0.05	0.025
0.0125	0.0
0.0375	0.0
0.0	0.0
0.016666666666666666	0.0
0	0
0	0
0.05	0.0
0	0
0.0	0.0
0.043750000000000004	0.0
0.0	0.0
0.275	0.0
0	0
0.10000000000000002	0.05833333333333333
0	0
0.0375	0.004166666666666667
0.015000000000000003	0.005
0.05	0.0125
0.05	0.025
0	0
0.07500000000000001	0.0125
0	0
0.0	0.0
0	0
0	0
0.05	0.0
0.06249999999999999	0.012500000000000002
0.10625	0.0
0.0035714285714285718	0.0
0	0
0.0	0.0
0.025	0.00625
0.025	0.00625
0.030000000000000006	0.005
0	0
0.15	0.0
0.0125	0.00625
0	0
0.06666666666666667	0.03333333333333333
0.032499999999999994	0.0025
0.05	0.0
0	0
0.0	0.0
0.025000000000000005	0.008333333333333333
0.025	0.0
0	0
0.0	0.0
0.05	0.025
0	0
0.0125	0.0
0.125	0.05
0.0	0.0
0	0
0	0
0.025	0.0
0.0125	0.0
0.03125	0.0375
0.0125	0.0375
0.0125	0.0
0.0	0.0
0.05833333333333333	0.016666666666666666
0	0
0.05	0.075
0.037500000000000006	0.0
0.025	0.0
0.041666666666666664	0.0
0.0	0.0
0.03409090909090909	0.020454545454545454
0.0125	0.0
0.10000000000000002	0.041666666666666664
0	0
0.025	0.0
0	0
0.05	0.025
0.015000000000000003	0.025
0.049999999999999996	0.0
0.049999999999999996	0.008333333333333333
0.275	0.0
0	0
0.0203125	0.0734375
0.008333333333333333	0.0
0.0	0.0
0.05833333333333333	0.008333333333333333
0.0125	0.0
0.025	0.0125
0.05	0.025
0.025	0.037500000000000006
0.025000000000000005	0.012500000000000002
0	0
0	0
0.05625	0.0125
0.0	0.0
0.09166666666666667	0.041666666666666664
0.05	0.025
0.008333333333333333	0.0
0.05	0.0
0.0	0.0
0.03333333333333333	0.0
0.08055555555555556	0.016666666666666666
0.045	0.015
0.0	0.0
0	0
0.05	0.025
0.0071428571428571435	0.014285714285714287
0.06875	0.03125
0	0
0.0	0.0
0.025892857142857145	0.05446428571428572
0	0
0.05833333333333333	0.0
0.0875	0.0
0.05	0.025
0.05	0.0
0	0
0.0	0.0
0.05	0.125
0.1125	0.00625
0	0
0	0
0.024999999999999998	0.004166666666666667
0.0	0.175
0	0
0.05416666666666667	0.03333333333333333
0.13055555555555556	0.044444444444444446
0.019444444444444445	0.013888888888888888
0.05	0.0
0.025	0.0
0.0625	0.0875
0.03	0.03
0	0
0.03333333333333333	0.008333333333333333
0.0125	0.0
0	0
0.025	0.0
0.025000000000000005	0.029166666666666664
0.071875	0.053125000000000006
0.0	0.0
0.05833333333333333	0.0
0.0	0.0
0.05500000000000001	0.015
0.03333333333333333	0.0
0.008333333333333333	0.0
0.08333333333333333	0.05833333333333333
0	0
0.025	0.0
0.05	0.0125
0.0125	0.0
0.016666666666666666	0.016666666666666666
0.025	0.0
0.0375	0.015625
0.0	0.0
0.0125	0.0
0	0
0.0	0.16666666666666666
0.0	0.0
0.05	0.025
0.0875	0.0
0.07500000000000001	0.04375
0.06875	0.00625
0	0
0.0	0.0
0.275	0.0
0	0
0.0	0.0
0	0
0	0
0.005	0.03333333333333333
0.0	0.0
0.0	0.025
0.05	0.0
0.05	0.025
0.025	0.0
0.05000000000000001	0.049999999999999996
0.016666666666666666	0.008333333333333333
0.030113636363636363	0.019318181818181818
0.04375	0.00625
0.0	0.0
0.05397727272727273	0.05227272727272727
0.15	0.0
0	0
0.037500000000000006	0.0
0.0	0.0125
0	0
0.06309523809523811	0.060714285714285714
0	0
0	0
0.025	0.0
0.03125	0.00625
0	0
0.05	0.025
0.1375	0.1
0.016666666666666666	0.0
0	0
0.0	0.0
0.0875	0.1
0.0	0.0
0.08125	0.09375
0.025000000000000005	0.03333333333333333
0.075	0.0125
0.0875	0.0125
0.0	0.0
0.0875	0.025
0.065	0.015000000000000003
0.175	0.05
0.020833333333333332	0.05833333333333333
0.037500000000000006	0.0
0	0
0	0
0.0	0.0
0.045	0.06500000000000002
0	0
0.05	0.025
0.03125	0.0
0.016666666666666666	0.0
0	0
0.037500000000000006	0.003125
0.025	0.0
0.025	0.0
0.0	0.0
0.05	0.125
0.03333333333333333	0.008333333333333333
0.0125	0.0
0.09166666666666667	0.041666666666666664
0.16666666666666666	0.08333333333333333
0	0
0.075	0.012500000000000002
0	0
0.043750000000000004	0.0375
0	0
0	0
0.10500000000000001	0.07166666666666667
0.05	0.0
0.2	0.0625
0.14375000000000002	0.0625
0	0
0.075	0.05833333333333333
0.07500000000000001	0.0125
0.075	0.05
0	0
0.0375	0.0125
0.041666666666666664	0.016666666666666666
0.08125	0.0
0.015625	0.315625
0	0
0.05	0.0
0.025000000000000005	0.041666666666666664
0.016666666666666666	0.0
0.037500000000000006	0.0
0.175	0.025
0.0125	0.0
0.05	0.025
0.05	0.025
0.0625	0.0125
0.05	0.025
0.037500000000000006	0.04375
0.0	0.0
0.07500000000000001	0.037500000000000006
0.08125	0.0
0.05	0.0
0.03333333333333333	0.008333333333333333
0	0
0.025	0.0375
0.07777777777777778	0.019444444444444445
0.05	0.0
0.05	0.025
0	0
0.05	0.025
0.0875	0.025
0.0	0.0
0.025	0.0125
0.05	0.0
0.025000000000000005	0.0
0.025	0.0
0	0
0	0
0	0
0	0
0.0	0.0
0	0
0.0	0.05
0.0	0.0
0	0
0.0	0.075
0.025	0.0125
0.0	0.11666666666666665
0.0	0.0
0	0
0.0	0.0
0.0625	0.0375
0	0
0.0	0.0
0	0
0	0
0.030000000000000006	0.01
0.0	0.1
0.0	0.0
0	0
0.0375	0.0375
0.03333333333333333	0.0
0	0
0.025	0.0
0.0	0.0
0.1	0.0125
0	0
0.0625	0.00625
0	0
0	0
0	0
0	0
0.0	0.0
0.03125	0.0
0.05	0.025
0.0	0.0
0.0875	0.0375
0.0625	0.0
0.025	0.0
0.08437499999999999	0.005208333333333333
0.02395833333333333	0.0
0	0
0.04666666666666666	0.005000000000000001
0.018750000000000003	0.0
0.05	0.0125
0.10000000000000002	0.041666666666666664
0.05	0.025
0	0
0	0
0.05	0.025
0	0
0.0375	0.0
0	0
0.025	0.0
0.025	0.075
0.03214285714285714	0.010714285714285716
0.1375	0.0
0.02	0.028749999999999998
0.05	0.025
0.034999999999999996	0.01
0.00625	0.0
0.037500000000000006	0.0
0	0
0.0	0.0
0.034999999999999996	0.06499999999999999
0	0
0.05	0.025
0.025	0.0125
0.05	0.025
0.05	0.025
0.1	0.05
0	0
0	0
0.0625	0.1125
0.0	0.0
0.05	0.0125
0.0	0.0
0.049999999999999996	0.008333333333333333
0.052500000000000005	0.05125
0.10500000000000001	0.0725
0	0
0.0125	0.078125
0.037500000000000006	0.0
0.041666666666666664	0.016666666666666666
0.09166666666666667	0.06666666666666667
0.016666666666666666	0.0
0.1	0.015000000000000003
0	0
0.08499999999999999	0.039999999999999994
0.0	0.0
0.0	0.125
0.275	0.0
0	0
0.03055555555555555	0.005555555555555556
0.0	0.0
0.09375	0.0375
0	0
0	0
0	0
0.0	0.0
0.075	0.075
0.06	0.0
0	0
0.04642857142857143	0.0071428571428571435
0.04	0.005
0.025	0.0125
0	0
0.0	0.0
0.05	0.0125
0.008333333333333333	0.0
0.025	0.0
0.05	0.025
0.025	0.0125
0.037500000000000006	0.0125
0.05	0.025
0.037500000000000006	0.0125
0	0
0.0	0.0
0	0
0.0	0.0
0.025	0.0
0.05	0.0
0.008333333333333333	0.004166666666666667
0.05000000000000001	0.0
0.0125	0.09375
0.15	0.25
0.05	0.0
0.00625	0.0
0.14375000000000002	0.018750000000000003
0.008333333333333333	0.0
0.034999999999999996	0.0
0.025	0.0
0.0	0.025
0.025000000000000005	0.008333333333333333
0.0	0.0
0	0
0.025000000000000005	0.008333333333333333
0.05	0.025
0.0	0.0
0.016666666666666666	0.008333333333333333
0.05	0.025
0.0	0.0
0.075	0.03333333333333333
0.037500000000000006	0.00625
0.025	0.0
0	0
0	0
0.025	0.0
0.0125	0.0
0.03333333333333333	0.04166666666666667
0.0	0.0
0.0125	0.00625
0.0	0.0
0.0	0.0
0.075	0.0
0.025	0.0
0.0	0.0
0	0
0	0
0.0	0.0
0.07500000000000001	0.018750000000000003
0.0	0.0125
0	0
0.016666666666666666	0.0
0.06999999999999999	0.005
0.1	0.0
0.0	0.0
0.0375	0.025
0	0
0	0
0	0
0.05	0.0125
0	0
0.05	0.0
0.1	0.0
0.05	0.0
0.05	0.025
0.075	0.008333333333333333
0.0	0.0
0.016666666666666666	0.016666666666666666
0	0
0.025	0.06875
0.03333333333333333	0.008333333333333333
0.0125	0.0125
0.0375	0.021875000000000002
0.025000000000000005	0.008333333333333333
0.0	0.0
0.08333333333333333	0.008333333333333333
0.0125	0.0
0.0625	0.0125
0	0
0.325	0.0
0	0
0.08333333333333333	0.05833333333333333
0.018750000000000003	0.025
0.075	0.008333333333333333
0.09166666666666667	0.125
0	0
0.025	0.075
0.03333333333333333	0.041666666666666664
0.08333333333333333	0.0
0	0
0	0
0.0	0.0125
0	0
0	0
0	0
0	0
0	0
0.0	0.075
0.11000000000000001	0.06999999999999999
0.025	0.0
0.030000000000000006	0.0
0.075	0.1125
0.07083333333333333	0.029166666666666664
0.0625	0.00625
0.0	0.0
0.0	0.025
0.0875	0.0
0.05	0.025
0.00625	0.00625
0.025000000000000005	0.004166666666666667
0.025000000000000005	0.13333333333333333
0.0	0.1
0.04375	0.018750000000000003
0.025	0.175
0	0
0.02142857142857143	0.017857142857142856
0.0125	0.0
0.05	0.025
0	0
0.05	0.025
0.05	0.0125
0.049999999999999996	0.0225
0.05069444444444445	0.004166666666666667
0	0
0	0
0.025	0.025
0.025	0.0125
0	0
0.025	0.0
0.075	0.0
0	0
0.04	0.0
0	0
0	0
0.0	0.05
0.05	0.025
0	0
0.05	0.025
0.0	0.0
0.0875	0.0
0.04583333333333334	0.0
0.05833333333333333	0.0
0.0	0.0
0.043750000000000004	0.00625
0.2625	0.00625
0.028124999999999997	0.015625
0.07999999999999999	0.025
0.0625	0.1875
0.0	0.0
0.037500000000000006	0.00625
0	0
0.025	0.037500000000000006
0.05000000000000001	0.041666666666666664
0.037500000000000006	0.0375
0.03333333333333333	0.0
0.0	0.0
0	0
0	0
0.06875	0.04375
0.0	0.0
0.25	0.16666666666666666
0.045	0.005
0.05	0.025
0.025	0.0
0.0	0.0
0	0
0.0	0.0
0.0	0.025
0.0	0.0
0.05	0.025
0.05	0.0125
0	0
0.05	0.025
0	0
0.05833333333333333	0.016666666666666666
0.0	0.0
0.025	0.0
0.275	0.0
0	0
0.05	0.025
0.0	0.0
0.0125	0.0
0.15	0.008333333333333333
0.043750000000000004	0.05625
0	0
0.0875	0.025
0.05	0.025
0	0
0.037500000000000006	0.0375
0	0
0.125	0.06666666666666667
0.03333333333333333	0.016666666666666666
0	0
0	0
0.0625	0.0625
0.04375	0.04375
0.0625	0.0125
0.05681818181818184	0.03636363636363637
0.05357142857142857	0.08154761904761905
0.0	0.0
0	0
0.0	0.0
0	0
0	0
0.04375	0.025
0	0
0.0	0.0
0	0
0.0	0.0
0.0125	0.0
0.05	0.025
0.08333333333333333	0.008333333333333333
0.0375	0.0
0.0125	0.0
0.025	0.0
0.052083333333333336	0.08854166666666667
0	0
0	0
0.08333333333333333	0.0
0.025	0.05
0.275	0.0
0	0
0.025	0.0
0.029166666666666664	0.0625
0	0
0	0
0	0
0	0
0.08125	0.00625
0.1375	0.1
0.06666666666666667	0.1416666666666667
0.0	0.0
0.05266203703703704	0.022916666666666665
0.045	0.00625
0	0
0.05	0.0
0.025000000000000005	0.0
0.05	0.0625
0.05	0.025
0.075	0.016666666666666666
0.05	0.025
0.05	0.025
0	0
0.0	0.0
0.0	0.0
0.15000000000000002	0.0
0.05	0.025
0.0	0.0
0	0
0	0
0.037500000000000006	0.018750000000000003
0.03214285714285714	0.0071428571428571435
0.10833333333333334	0.049999999999999996
0.09999999999999999	0.0125
0.075	0.025
0.025	0.00625
0.0	0.0
0.0	0.0
0.0375	0.0
0.15833333333333335	0.0
0.0	0.0
0	0
0.0	0.375
0.05	0.0
0.03928571428571429	0.0
0.0	0.0
0	0
0.041666666666666664	0.0
0.0125	0.0375
0.05	0.025
0.025	0.0125
0.0	0.0
0.025	0.0
0.025	0.0
0	0
0.0425	0.025
0	0
0.05	0.025
0	0
0.0	0.08333333333333333
0.0	0.1
0.016666666666666666	0.016666666666666666
0.05	0.025
0	0
0.025	0.037500000000000006
0	0
0.025	0.0
0.0125	0.0
0.0	0.0
0.04	0.039999999999999994
0.15	0.0125
0.0	0.0
0.05	0.025
0.05	0.025
0	0
0	0
0.08333333333333333	0.049999999999999996
0.11500000000000002	0.034999999999999996
0	0
0.15	0.0
0	0
0.0	0.0
0	0
0.05	0.025
0.0125	0.0
0.03333333333333333	0.13333333333333333
0	0
0	0
0.0	0.0
0.0	0.0
0	0
0.04285714285714286	0.0892857142857143
0.15625	0.03125
0.059375	0.03125
0.08333333333333333	0.025000000000000005
0.0	0.0
0	0
0	0
0.0	0.0
0	0
0	0
0.0	0.0
0.03333333333333333	0.008333333333333333
0	0
0	0
0.0125	0.0125
0.05	0.025
0.05	0.025
0.045	0.015000000000000003
0	0
0.025	0.0
0.065	0.03
0.025	0.0125
0	0
0	0
0	0
0	0
0.25	0.125
0.0125	0.00625
0	0
0.05	0.025
0.04375	0.025
0	0
0.0	0.0
0.05	0.025
0.025	0.0125
0.015000000000000003	0.008333333333333333
0.025	0.0
0.0	0.0
0	0
0	0
0.0	0.0
0.029166666666666664	0.008333333333333333
0.059375000000000004	0.028125
0	0
0.03333333333333333	0.008333333333333333
0.03333333333333333	0.016666666666666666
0	0
0	0
0.0	0.125
0	0
0	0
0.08125	0.03125
0	0
0.0125	0.0
0.0	0.0
0.037500000000000006	0.2
0	0
0.0125	0.0
0	0
0.05	0.00625
0	0
0.025	0.0125
0.0	0.0
0.5625	0.0
0.025	0.0
0.0125	0.0
0.025	0.153125
0.015625	0.03125
0.0	0.0
0.0	0.0
0.025	0.0
0.030000000000000006	0.01
0.027884615384615383	0.02403846153846154
0.06000000000000001	0.005
0.03194444444444445	0.009722222222222222
0.05	0.0
0.05	0.0
0.0125	0.025
0	0
0.0625	0.025
0.125	0.0
0.075	0.075
0.03125	0.05625
0.1	0.018750000000000003
0.05125	0.02375
0.0125	0.016666666666666666
0.07777777777777778	0.041666666666666664
0.0	0.011111111111111112
0	0
0	0
0.12083333333333335	0.0375
0.05	0.025
0	0
0.025	0.0
0.0	0.025
0.04375	0.00625
0	0
0	0
0	0
0	0
0.075	0.0
0	0
0.008333333333333333	0.0
0.0125	0.0
0.03333333333333333	0.0
0.025	0.0
0	0
0.0625	0.03125
0	0
0.05	0.025
0.045	0.005
0.05	0.025
0.025	0.0125
0	0
0.075	0.1
0.0	0.0
0.05	0.025
0.025	0.075
0	0
0.025000000000000005	0.008333333333333333
0.05	0.025
0.0375	0.0375
0.025000000000000005	0.008333333333333333
0.025	0.018750000000000003
0.025000000000000005	0.008333333333333333
0	0
0.0	0.0
0.0	0.0
0	0
0.05500000000000001	0.03
0.09	0.03
0.0	0.0
0.041666666666666664	0.041666666666666664
0.0625	0.0
0.03333333333333333	0.016666666666666666
0	0
0	0
0.04583333333333334	0.029166666666666664
0.020833333333333332	0.0
0	0
0.05	0.025
0	0
0	0
0	0
0.2625	0.1
0	0
0.025	0.0
0.025	0.01
0.075	0.0071428571428571435
0.0	0.0
0	0
0.05	0.025
0.049999999999999996	0.020833333333333332
0.05	0.025
0.0	0.075
0.02142857142857143	0.017857142857142856
0.025	0.0125
0.037500000000000006	0.0
0	0
0.05	0.025
0.25	0.125
0.08125	0.0625
0.085625	0.018125
0	0
0.0	0.0
0	0
0.0	0.0
0.037500000000000006	0.025
0.04615384615384616	0.051923076923076926
0.008333333333333333	0.0
0.05	0.0125
0.05	0.0
0.025	0.0
0.03333333333333333	0.0
0	0
0	0
0	0
0.05	0.0125
0.025	0.05
0.0	0.0
0.0	0.0
0	0
0.025	0.0
0.07777777777777778	0.11944444444444446
0	0
0.03125	0.0
0.025000000000000005	0.0
0.06666666666666667	0.0
0.0875	0.0
0.03333333333333333	0.004166666666666667
0.07083333333333333	0.016666666666666666
0	0
0.05	0.025
0.0	0.0
0	0
0.05833333333333334	0.008333333333333333
0.0875	0.0
0	0
0.0125	0.025
0.03333333333333333	0.0
0	0
0.016666666666666666	0.008333333333333333
0.016666666666666666	0.008333333333333333
0.05	0.025
0	0
0.03125	0.00625
0	0
0	0
0.037500000000000006	0.0
0	0
0.24166666666666667	0.016666666666666666
0.0	0.0
0.275	0.0
0.05	0.025
0.05	0.00625
0.0625	0.0875
0.024999999999999998	0.024999999999999998
0	0
0.0125	0.0
0.05	0.0
0.075	0.0
0.12395833333333334	0.026041666666666668
0.02	0.03
0.025	0.0125
0	0
0.0	0.0
0.15	0.0
0.0	0.0
0	0
0.08214285714285716	0.0035714285714285718
0.0	0.0
0.075	0.008333333333333333
0	0
0.275	0.0
0.0	0.0
0.0	0.0
0.0125	0.0
0.0	0.0
0	0
0.0125	0.0
0	0
0	0
0.03333333333333333	0.15
0.0	0.041666666666666664
0.125	0.0
0.0625	0.00625
0.0125	0.0
0.025	0.0125
0.03214285714285715	0.0035714285714285718
0.0125	0.0
0	0
0.0	0.0
0.07500000000000001	0.020833333333333332
0.06	0.0
0.08124999999999999	0.0890625
0.030000000000000006	0.015000000000000003
0.0	0.0
0.0	0.075
0	0
0.0625	0.0
0.00625	0.0
0.05	0.0
0	0
0	0
0.025	0.0125
0	0
0.025	0.0125
0.11875	0.0
0	0
0	0
0	0
0.28125	0.03125
0.045	0.01
0	0
0	0
0.02	0.0
0.025	0.0125
0.03125	0.059375
0.025	0.0
0	0
0.0	0.0
0.0	0.0
0.0125	0.0375
0.025	0.0
0.016666666666666666	0.0
0.04375	0.00625
0.041666666666666664	0.008333333333333333
0	0
0.030000000000000006	0.01
0	0
0.02	0.005
0.0071428571428571435	0.0071428571428571435
0.05	0.025
0.05	0.025
0.05	0.025
0.0	0.025
0	0
0.025	0.0
0.025	0.0125
0.05	0.025
0.08333333333333333	0.075
0.25	0.125
0.10000000000000002	0.041666666666666664
0.05625	0.00625
0	0
0.016666666666666666	0.004166666666666667
0.025	0.05
0.037500000000000006	0.0625
0	0
0.03333333333333333	0.016666666666666666
0.05	0.0125
0.28125	0.03125
0.03	0.015000000000000003
0.025	0.00625
0	0
0.0	0.0
0	0
0.0	0.0
0.05	0.025
0.06124999999999999	0.05
0.025	0.25
0	0
0.15	0.0
0	0
0.0	0.0
0	0
0	0
0	0
0.05	0.025
0.075	0.05
0.09469696969696968	0.02727272727272727
0.025	0.0
0	0
0.05	0.0
0.0125	0.0
0	0
0.041666666666666664	0.16666666666666666
0.016666666666666666	0.008333333333333333
0.025	0.0
0.049999999999999996	0.06666666666666667
0	0
0.05	0.025
0.10500000000000001	0.045
0	0
0	0
0.016666666666666666	0.0
0.0	0.0
0	0
0	0
0.05	0.025
0	0
0.0	0.0
0.041666666666666664	0.016666666666666666
0.03333333333333333	0.008333333333333333
0	0
0.025	0.075
0.075	0.0125
0.05	0.025
0.05	0.025
0.0375	0.00625
0	0
0.03125	0.003125
0.09999999999999999	0.05833333333333333
0.04090909090909091	0.00681818181818182
0	0
0	0
0	0
0.075	0.025
0.0125	0.00625
0.018750000000000003	0.0
0	0
0.025	0.0625
0.016666666666666666	0.008333333333333333
0.037500000000000006	0.0125
0.10833333333333334	0.008333333333333333
0.025	0.04
0.1	0.06875
0	0
0	0
0	0
0.0125	0.0
0	0
0.041666666666666664	0.16666666666666666
0.016666666666666666	0.008333333333333333
0.025	0.0
0.049999999999999996	0.06666666666666667
0	0
0.05	0.025
0.10500000000000001	0.045
0	0
0	0
0.016666666666666666	0.0
0.0	0.0
0	0
0	0
0.05	0.025
0	0
0.0	0.0
0.041666666666666664	0.016666666666666666
0.03333333333333333	0.008333333333333333
0	0
0.025	0.075
0.075	0.0125
0.05	0.025
0.05	0.025
0.0375	0.00625
0	0
0.03125	0.003125
0.09999999999999999	0.05833333333333333
0.04090909090909091	0.00681818181818182
0	0
0	0
0	0
0.075	0.025
0.0125	0.00625
0.018750000000000003	0.0
0	0
0.025	0.0625
0.016666666666666666	0.008333333333333333
0.037500000000000006	0.0125
0.10833333333333334	0.008333333333333333
0.025	0.04
0.1	0.06875
0	0
0	0
0	0
0.0125	0.0
0.05	0.05
0.008333333333333333	0.0
0.04375	0.00625
0	0
0	0
0.05	0.025
0.025	0.0
0.025000000000000005	0.008333333333333333
0	0
0.056249999999999994	0.04375
0.008333333333333333	0.0
0.0	0.0
0	0
0.016666666666666666	0.0
0.012500000000000002	0.024999999999999998
0	0
0.049999999999999996	0.0
0.016666666666666666	0.0
0.009375	0.01875
0.056249999999999994	0.01875
0.037500000000000006	0.0
0	0
0.0	0.0
0.0	0.0
0	0
0.05	0.0125
0.029166666666666664	0.0
0.025	0.0125
0.025	0.0
0.025	0.0
0.037500000000000006	0.0125
0.0	0.0
0	0
0.07500000000000001	0.0125
0.05	0.025
0.02916666666666667	0.07083333333333335
0.15	0.0
0.05	0.025
0.0	0.0
0.05	0.0
0.037500000000000006	0.0125
0	0
0.034999999999999996	0.030000000000000006
0.035	0.16
0	0
0	0
0.0	0.0
0.025	0.0
0.016666666666666666	0.0
0.037500000000000006	0.0125
0.05	0.025
0	0
0.016666666666666666	0.008333333333333333
0.00625	0.0125
0.049999999999999996	0.0
0	0
0	0
0	0
0	0
0.0	0.0
0.15	0.0
0.1	0.0
0.05	0.02
0.03333333333333333	0.016666666666666666
0.05	0.025
0	0
0	0
0.05	0.025
0.0875	0.1
0.15	0.2
0.037980769230769235	0.010096153846153847
0	0
0.025	0.0
0.0	0.0875
0.125	0.0125
0.07500000000000001	0.037500000000000006
0.03333333333333333	0.0
0.03125	0.00625
0.11666666666666667	0.016666666666666666
0	0
0.025	0.0125
0.037500000000000006	0.0
0.05	0.0
0.0	0.0
0.018750000000000003	0.0
0.037500000000000006	0.0
0.03125	0.0375
0	0
0.0875	0.0125
0.025	0.0
0.0	0.0
0.0	0.0
0.1625	0.0
0	0
0.025	0.0
0	0
0	0
0	0
0.09999999999999999	0.0
0.025	0.03125
0.05	0.0
0.025	0.0125
0.041666666666666664	0.03333333333333333
0	0
0.08333333333333333	0.041666666666666664
0.025	0.0
0.125	0.049999999999999996
0.05	0.025
0.0	0.0
0.05	0.025
0.075	0.016666666666666666
0	0
0	0
0.05	0.0
0.05833333333333333	0.0
0	0
0	0
0.018750000000000003	0.0
0.025	0.025
0.05	0.015
0	0
0.0	0.0
0.0	0.0
0	0
0.025	0.0125
0.0	0.0
0.05576923076923078	0.009615384615384616
0	0
0	0
0.024999999999999998	0.15833333333333333
0.05	0.025
0	0
0.0	0.0
0	0
0.041666666666666664	0.012500000000000002
0.05	0.025
0	0
0.08333333333333333	0.05833333333333333
0.05	0.025
0.025	0.0
0.025	0.0
0.0125	0.0125
0.1	0.00625
0.275	0.0
0	0
0.0	0.125
0.05000000000000001	0.016666666666666666
0.0125	0.0
0.08203125	0.00703125
0.075	0.125
0.0	0.0125
0	0
0	0
0.0	0.0
0.0	0.0
0.025	0.0
0	0
0.12708333333333333	0.01875
0.0875	0.1
0.0	0.0
0.0	0.0
0.025	0.0125
0	0
0.13125	0.0
0.008333333333333333	0.0
0.08611111111111112	0.0
0.0125	0.00625
0.05833333333333333	0.049999999999999996
0.025	0.0
0.075	0.0
0.0125	0.0
0	0
0.025	0.0
0	0
0	0
0.025	0.0
0.04583333333333334	0.029166666666666664
0.015000000000000003	0.03
0.08	0.015000000000000003
0.018750000000000003	0.0125
0.06875	0.018750000000000003
0	0
0.049999999999999996	0.016666666666666666
0.10833333333333334	0.041666666666666664
0	0
0	0
0.0	0.0
0.041666666666666664	0.016666666666666666
0.034999999999999996	0.01
0.0	0.0
0.05357142857142857	0.014285714285714287
0.05500000000000001	0.0
0	0
0.03333333333333333	0.008333333333333333
0	0
0.025	0.0
0.037500000000000006	0.0125
0.04285714285714286	0.05357142857142857
0.06666666666666667	0.06666666666666667
0.08333333333333333	0.0
0	0
0.0	0.0
0.0640625	0.0078125
0.016666666666666666	0.008333333333333333
0.025	0.0
0.045	0.005
0	0
0	0
0.06875	0.078125
0.0375	0.0
0.0625	0.06666666666666667
0.05	0.025
0.18333333333333335	0.0
0.325	0.0
0	0
0.00625	0.1
0	0
0.05499999999999999	0.09500000000000001
0.05	0.025
0.0	0.025
0.008333333333333333	0.024999999999999998
0.05833333333333333	0.025000000000000005
0	0
0.05	0.025
0	0
0.05	0.005
0	0
0	0
0	0
0	0
0	0
0	0
0.1	0.0
0	0
0.0	0.075
0.05	0.025
0	0
0.05	0.025
0.025	0.0
0	0
0.03571428571428571	0.0071428571428571435
0.025	0.0
0.0	0.0
0.0	0.0
0.045	0.039999999999999994
0.06666666666666667	0.008333333333333333
0	0
0	0
0.0125	0.025
0.0	0.0
0.025	0.0
0.040625	0.046875
0.05	0.005
0.05	0.0125
0.017857142857142856	0.0071428571428571435
0.0	0.0
0.25	0.125
0.025	0.0
0.0625	0.0
0.15	0.0
0.041666666666666664	0.041666666666666664
0	0
0.0	0.0
0.098125	0.030625000000000003
0	0
0	0
0	0
0.0125	0.025
0.0	0.45
0.06875	0.04375
0.05	0.03
0.04	0.025
0	0
0.05	0.025
0.025	0.0
0.0125	0.05
0.071875	0.040625
0.04583333333333334	0.05833333333333333
0.08	0.045
0	0
0.0625	0.0125
0.0	0.0
0.018750000000000003	0.0
0.025	0.0125
0.075	0.008333333333333333
0.037500000000000006	0.0125
0.05833333333333333	0.075
0	0
0.025	0.0
0.025	0.0
0.041666666666666664	0.008333333333333333
0.016666666666666666	0.0
0.01	0.02
0	0
0	0
0	0
0.0	0.0
0.005	0.0
0.10694444444444444	0.0
0.07222222222222223	0.0
0.0125	0.0
0.025	0.0125
0.041666666666666664	0.049999999999999996
0.05	0.025
0.0	0.025
0	0
0.125	0.0
0.05	0.025
0	0
0.041666666666666664	0.008333333333333333
0	0
0.0	0.0
0.0125	0.025
0.06875	0.0
0	0
0.0	0.0
0	0
0.09166666666666666	0.03333333333333333
0.0875	0.0
0.06875	0.0
0.1	0.0
0.0	0.0
0	0
0.0125	0.0625
0.08750000000000001	0.00625
0.008333333333333333	0.0
0	0
0.0	0.0
0.018750000000000003	0.0
0.05	0.025
0.025	0.0
0.037500000000000006	0.0125
0.0	0.1
0.06	0.015000000000000003
0.0	0.0
0.008333333333333333	0.024999999999999998
0.0125	0.0
0.05714285714285715	0.03928571428571429
0.008333333333333333	0.0
0.0	0.0
0.025	0.0125
0.0	0.0
0	0
0	0
0.05	0.0
0.325	0.0
0.05	0.025
0.07500000000000001	0.008333333333333333
0.037500000000000006	0.0
0.037500000000000006	0.0125
0.0	0.0
0.042857142857142864	0.0
0.15	0.0
0	0
0.075	0.0
0	0
0.0375	0.03125
0	0
0.15	0.0
0	0
0	0
0.0	0.0
0.05	0.0125
0.025	0.0125
0.05	0.025
0.05	0.025
0	0
0.0	0.0
0.09166666666666667	0.041666666666666664
0.0	0.0
0.041666666666666664	0.016666666666666666
0	0
0.025	0.02
0.0	0.0
0.05	0.0
0.025000000000000005	0.15
0	0
0.05	0.0
0.0	0.0
0.325	0.0
0	0
0	0
0.05	0.025
0.039999999999999994	0.034999999999999996
0	0
0	0
0.025	0.0
0.016666666666666666	0.0
0.06666666666666667	0.008333333333333333
0.03333333333333333	0.016666666666666666
0.010416666666666666	0.020833333333333332
0	0
0.025	0.0
0.0	0.0
0	0
0.018750000000000003	0.00625
0	0
0.0	0.0
0.0	0.0
0	0
0	0
0.0	0.0
0	0
0	0
0.0125	0.0
0	0
0	0
0.08333333333333333	0.0
0.05	0.0125
0.0	0.25
0.025000000000000005	0.0
0.00625	0.0
0.125	0.0
0.04	0.04
0.0125	0.0
0	0
0	0
0.08125	0.00625
0	0
0.06517857142857143	0.05535714285714286
0.05	0.025
0.05000000000000001	0.008333333333333333
0.0	0.0
0	0
0	0
0.05	0.025
0.0	0.0
0	0
0.0	0.0
0	0
0.03333333333333333	0.025000000000000005
0.05000000000000001	0.0
0	0
0	0
0	0
0	0
0.05	0.0
0.018750000000000003	0.00625
0	0
0	0
0.075	0.125
0.0125	0.0
0.049999999999999996	0.0
0.10833333333333332	0.0
0.041666666666666664	0.016666666666666666
0.0	0.0625
0	0
0	0
0	0
0	0
0	0
0.1375	0.0625
0.1375	0.0625
0	0
0.085	0.025
0.05	0.025
0.025	0.0
0.025	0.0
0.05	0.025
0.04375	0.04375
0.04807692307692308	0.032692307692307694
0	0
0	0
0.0	0.0
0.0	0.0
0.203125	0.140625
0	0
0.05	0.0125
0.024999999999999998	0.008333333333333333
0.0325	0.025
0	0
0	0
0	0
0	0
0.08333333333333333	0.049999999999999996
0.0	0.0
0.0125	0.0
0.0	0.0
0.15	0.0
0.025	0.075
0	0
0	0
0.08125	0.0375
0.07916666666666668	0.024999999999999998
0.07500000000000001	0.059375000000000004
0.0	0.0
0.014285714285714287	0.0035714285714285718
0.07250000000000001	0.1375
0.0763888888888889	0.10555555555555556
0.041666666666666664	0.0
0	0
0.03333333333333333	0.008333333333333333
0.1	0.0125
0	0
0.025	0.0
0.0	0.0
0	0
0.03625	0.0225
0	0
0.275	0.0
0.05	0.0
0.10347222222222223	0.02361111111111111
0	0
0.05	0.0125
0.05	0.025
0.05	0.025
0	0
0.075	0.0125
0.075	0.0125
0.019444444444444445	0.002777777777777778
0.05000000000000001	0.01
0.15	0.0
0.025	0.025
0	0
0.025	0.0
0.0	0.0
0.05	0.025
0	0
0.0	0.0
0.025	0.0
0.037500000000000006	0.0125
0.044444444444444446	0.011111111111111112
0.0	0.0
0.03333333333333333	0.0
0.05	0.0
0.05	0.0
0.0	0.025
0.05	0.025
0.05	0.025
0.05	0.025
0.0475	0.05
0.056249999999999994	0.0125
0.049999999999999996	0.03214285714285715
0.09375	0.05
0	0
0.05833333333333333	0.008333333333333333
0.041666666666666664	0.002777777777777778
0	0
0	0
0	0
0.15	0.041666666666666664
0.05	0.0
0	0
0	0
0.049999999999999996	0.0
0.04375	0.018750000000000003
0.0125	0.0
0	0
0.195	0.01
0.03125	0.0625
0.10000000000000002	0.0
0.07708333333333335	0.0
0.025	0.0
0.1416666666666667	0.0
0.016666666666666666	0.075
0	0
0.025	0.0
0	0
0.0	0.0
0.0	0.0
0.025000000000000005	0.0
0.025	0.0
0	0
0.125	0.0
0.0	0.0
0.125	0.05
0.05357142857142857	0.0071428571428571435
0.05833333333333333	0.008333333333333333
0.0821022727272727	0.025284090909090905
0.0	0.008333333333333333
0.0	0.0
0	0
0.1	0.0125
0.0	0.0
0.0125	0.0
0.0	0.0
0	0
0.04722222222222222	0.016666666666666666
0.0	0.0625
0	0
0.1125	0.0
0	0
0.0425	0.05750000000000001
0.016666666666666666	0.008333333333333333
0.0	0.025
0.045	0.0
0.025	0.0071428571428571435
0.07500000000000001	0.00625
0	0
0.025	0.0125
0	0
0	0
0.025	0.0125
0	0
0.0625	0.025
0	0
0.0	0.0
0.016666666666666666	0.0
0	0
0.13125	0.04375
0.04444444444444445	0.016666666666666666
0.049999999999999996	0.010714285714285716
0.018750000000000003	0.00625
0.025	0.0125
0.05000000000000001	0.025000000000000005
0	0
0.0125	0.0
0.049999999999999996	0.0
0	0
0.0375	0.03875000000000001
0.0375	0.025
0.05	0.0725
0	0
0.037500000000000006	0.0
0.0	0.025
0	0
0.05	0.025
0	0
0	0
0.05	0.025
0	0
0.037500000000000006	0.0125
0.05000000000000001	0.041666666666666664
0.0	0.0
0.0	0.0
0.0	0.0
0.025	0.0125
0.05520833333333333	0.0625
0	0
0.08	0.01
0.025	0.0
0	0
0.03333333333333333	0.0
0	0
0	0
0.07916666666666666	0.0
0.01	0.017499999999999998
0.0	0.0
0.08750000000000001	0.018750000000000003
0.07916666666666666	0.1875
0	0
0.049999999999999996	0.0
0.008333333333333333	0.0
0.0125	0.0
0.025	0.0
0	0
0.0125	0.0
0.13333333333333333	0.08333333333333333
0	0
0.0125	0.0
0.1375	0.1
0.05	0.025
0.015000000000000003	0.1125
0.04	0.025
0	0
0.025000000000000005	0.004166666666666667
0.037500000000000006	0.0
0.07500000000000001	0.0
0	0
0	0
0.0	0.0
0.025	0.0
0	0
0	0
0	0
0	0
0.008333333333333333	0.0
0.042857142857142864	0.014285714285714287
0.025	0.0
0.04	0.005
0.021875	0.00625
0.10833333333333334	0.08333333333333333
0.05416666666666667	0.07916666666666666
0	0
0	0
0	0
0.00625	0.0
0.0625	0.0625
0.075	0.0
0.05714285714285714	0.0035714285714285718
0.05	0.025
0.03333333333333333	0.016666666666666666
0.037500000000000006	0.2
0.025	0.02291666666666667
0.05357142857142857	0.0035714285714285718
0.0	0.0
0.03333333333333333	0.008333333333333333
0.05	0.0125
0.09999999999999999	0.049999999999999996
0.041666666666666664	0.05833333333333333
0.125	0.0625
0.05	0.025
0	0
0.05	0.025
0.025	0.0
0	0
0.04375	0.00625
0.1	0.05
0	0
0.025	0.05
0	0
0	0
0.0125	0.0
0.10000000000000002	0.041666666666666664
0.1	0.0
0.018750000000000003	0.0
0.05	0.0
0.041666666666666664	0.0
0.0	0.0
0	0
0.056249999999999994	0.018750000000000003
0.025000000000000005	0.0
0.0	0.0
0.0	0.0
0.03333333333333333	0.049999999999999996
0.0	0.0
0.10000000000000002	0.041666666666666664
0	0
0.025	0.0
0.0	0.0
0.1125	0.034375
0.059375	0.0125
0.025	0.075
0.0125	0.0
0	0
0.6875	0.0
0.25	0.125
0.025	0.0
0	0
0.041666666666666664	0.004166666666666667
0.025	0.0
0.0	0.0
0.05	0.025
0.0125	0.0
0.0	0.05
0	0
0.22000000000000003	0.04
0.025	0.0
0	0
0.016666666666666666	0.0
0	0
0.09166666666666666	0.1416666666666667
0.037500000000000006	0.0125
0.0	0.0
0.15000000000000002	0.0
0	0
0.08125	0.0375
0	0
0.05500000000000001	0.01
0	0
0.0	0.0
0.0	0.0
0.0125	0.0
0.05	0.025
0	0
0.03333333333333333	0.0
0.025	0.0
0	0
0.05	0.05
0.075	0.0
0.049999999999999996	0.0
0	0
0.140625	0.015625
0	0
0.025	0.0
0	0
0	0
0	0
0.016666666666666666	0.0
0.0	0.0
0	0
0.05416666666666667	0.17500000000000002
0	0
0.075	0.0
0.0375	0.004166666666666667
0.025	0.0
0	0
0.025	0.0
0.03333333333333333	0.008333333333333333
0.0	0.0
0.05	0.05
0.025	0.0
0	0
0	0
0.008333333333333333	0.008333333333333333
0	0
0	0
0.024999999999999998	0.0
0.025	0.0
0	0
0.025	0.0
0.034999999999999996	0.01
0.016666666666666666	0.008333333333333333
0.05	0.025
0.00625	0.0
0.0125	0.1
0.15	0.0
0	0
0.016666666666666666	0.0
0.008333333333333333	0.13749999999999998
0.07500000000000001	0.21250000000000002
0.05000000000000001	0.0
0.05	0.0125
0	0
0.05	0.025
0.0	0.0
0	0
0.05	0.025
0.075	0.0
0.053333333333333344	0.013333333333333332
0.0	0.0
0.0375	0.0375
0	0
0.0375	0.029166666666666664
0.030000000000000006	0.0016666666666666668
0	0
0.016666666666666666	0.0
0.05	0.025
0.025	0.0
0.05	0.0125
0.025	0.0
0.275	0.0
0	0
0.275	0.0
0.0	0.05
0	0
0	0
0.03333333333333333	0.025000000000000005
0.025	0.0
0.01875	0.009375000000000001
0.025	0.0
0.075	0.0
0.05	0.025
0.0	0.013888888888888888
0.025	0.0
0.05	0.025
0	0
0.06875	0.0125
0.02	0.02
0.05	0.025
0.0875	0.0
0.04375	0.1
0.0125	0.0
0	0
0.03125	0.00625
0.05	0.025
0.025	0.01875
0.1625	0.0125
0.08125	0.0375
0.046875	0.00625
0.08125	0.03125
0.065	0.005
0.016666666666666666	0.008333333333333333
0.05	0.025
0	0
0.05	0.0
0.0	0.0
0.025	0.0125
0	0
0	0
0	0
0.03214285714285715	0.024999999999999998
0.05000000000000001	0.008333333333333333
0.0	0.049999999999999996
0.037500000000000006	0.2
0.0875	0.1
0.01	0.015
0	0
0.02	0.015
0.037500000000000006	0.0
0.025	0.0125
0.049999999999999996	0.024999999999999998
0	0
0.17500000000000002	0.049999999999999996
0	0
0.0	0.0
0.025000000000000005	0.020833333333333332
0	0
0	0
0.04375	0.28125
0.1125	0.0
0.041666666666666664	0.049999999999999996
0.015625	0.0
0	0
0.25	0.125
0	0
0.049999999999999996	0.016666666666666666
0.05	0.05
0	0
0.030000000000000006	0.01
0.0125	0.0
0	0
0.05	0.0
0.04090909090909091	0.01363636363636364
0.025	0.0
0.0625	0.06249999999999999
0.0125	0.0
0.041666666666666664	0.016666666666666666
0	0
0.05500000000000001	0.03
0.025000000000000005	0.0
0.0625	0.075
0.0	0.0
0.0	0.0
0.0	0.0
0.05833333333333333	0.0
0.0	0.0
0.0	0.0
0.00625	0.0
0	0
0.1625	0.0125
0	0
0.125	0.025
0.0	0.0
0.0125	0.0
0	0
0.0	0.0
0.0125	0.0
0.15	0.0
0.025	0.0
0	0
0.15714285714285717	0.05714285714285715
0.075	0.0
0.025	0.0
0.15000000000000002	0.0
0.0	0.0
0.0125	0.05
0	0
0.049999999999999996	0.018750000000000003
0.0	0.0
0.2	0.0
0.11666666666666668	0.0
0.08437499999999999	0.03125
0	0
0	0
0.05	0.0
0.03333333333333333	0.016666666666666666
0.0	0.025
0.075	0.125
0.0375	0.0625
0.00625	0.04375
0.037500000000000006	0.0
0.075	0.025
0.025	0.0
0.030000000000000006	0.015000000000000003
0	0
0.025	0.0
0.0	0.0
0.0375	0.0125
0.0875	0.0
0.05	0.025
0	0
0.0	0.0
0.05	0.025
0.041666666666666664	0.024999999999999998
0.05	0.0125
0	0
0.037500000000000006	0.0
0.0	0.0
0.0	0.0
0.056249999999999994	0.0125
0.0125	0.0
0.034999999999999996	0.025
0	0
0.0375	0.32916666666666666
0	0
0	0
0	0
0.0125	0.0
0	0
0	0
0.09166666666666667	0.0
0.028124999999999997	0.01875
0.0125	0.0
0.0625	0.0
0.035	0.085
0	0
0.07125000000000001	0.03125
0.016666666666666666	0.0
0.05	0.025
0.025	0.0125
0.025	0.0125
0.025000000000000005	0.008333333333333333
0.059375	0.0
0	0
0.01	0.03
0	0
0.0	0.0
0.054629629629629625	0.03333333333333334
0.025	0.0125
0	0
0.05	0.025
0.05	0.015
0.025	0.0
0	0
0.05	0.025
0.05	0.025
0.05	0.025
0.025	0.0125
0	0
0.030000000000000006	0.015000000000000003
0	0
0.05	0.025
0.037500000000000006	0.0
0.06666666666666667	0.008333333333333333
0.0	0.0
0.05	0.05
0.0	0.0
0.0875	0.0
0.045	0.05500000000000001
0	0
0.025	0.0
0.037500000000000006	0.0
0.05	0.0
0.05	0.0
0.05	0.025
0	0
0.004166666666666667	0.0
0	0
0.0	0.0
0.0875	0.025
0.013888888888888888	0.008333333333333333
0.09999999999999999	0.00625
0.0125	0.0
0.0125	0.0
0.0625	0.0
0.07142857142857142	0.02142857142857143
0	0
0.015000000000000003	0.005
0.018750000000000003	0.025
0.045	0.005
0.0	0.0
0	0
0	0
0.025	0.0
0.017857142857142856	0.0035714285714285718
0.05	0.025
0.05000000000000001	0.025000000000000005
0.029166666666666664	0.08750000000000001
0.025	0.0125
0	0
0.025	0.0125
0.25	0.125
0	0
0.025000000000000005	0.008333333333333333
0	0
0	0
0.06666666666666667	0.075
0	0
0.016666666666666666	0.0
0.05	0.025
0.1416666666666667	0.041666666666666664
0.025	0.0375
0.025000000000000005	0.0
0.05	0.0
0.05	0.025
0.03333333333333333	0.0
0.02	0.01
0.0625	0.0
0.025	0.0125
0.04375	0.05
0.0	0.0
0	0
0	0
0.045	0.034999999999999996
0.125	0.5625
0.0	0.0
0.0	0.0
0.019444444444444445	0.005555555555555556
0	0
0.05500000000000001	0.01
0	0
0.05	0.075
0.008333333333333333	0.0
0.05	0.025
0.0	0.0
0.0	0.0
0.025000000000000005	0.13333333333333333
0	0
0.037500000000000006	0.037500000000000006
0.0625	0.0375
0.0	0.0
0.0875	0.0
0.04722222222222223	0.030555555555555558
0.0125	0.0
0.0125	0.0
0.01	0.005
0.0	0.0
0	0
0.075	0.0125
0.25	0.125
0.041666666666666664	0.08333333333333333
0.0	0.0
0	0
0.025	0.0
0.325	0.0
0	0
0.0	0.0
0.0	0.025
0.0	0.0
0	0
0.0	0.0
0.0	0.0
0.0	0.0
0.0	0.0
0	0
0	0
0.075	0.0
0.018750000000000003	0.0
0	0
0.0	0.0
0.05	0.025
0.05	0.025
0	0
0.036111111111111115	0.04722222222222223
0.0625	0.0625
0.0375	0.09999999999999999
0.014285714285714287	0.0035714285714285718
0.05833333333333333	0.025000000000000005
0	0
0.05	0.025
0.03333333333333333	0.025000000000000005
0.05	0.0
0.06000000000000001	0.06000000000000001
0.025	0.0
0.037500000000000006	0.00625
0.05	0.025
0.05	0.025
0.09166666666666667	0.041666666666666664
0.08125	0.03125
0.025	0.0
0.05	0.025
0.025	0.0
0.018750000000000003	0.0
0.07500000000000001	0.0125
0.0	0.05
0.05000000000000001	0.025000000000000005
0.016666666666666666	0.03333333333333333
0	0
0.075	0.125
0.0	0.0
0	0
0.05	0.025
0.025	0.0125
0.025	0.0125
0.016666666666666666	0.0
0.045	0.005
0.0125	0.0
0.03333333333333333	0.016666666666666666
0	0
0.025000000000000005	0.0
0.0875	0.0
0.037500000000000006	0.00625
0	0
0.03125	0.0125
0.020833333333333332	0.0
0.065	0.05500000000000001
0.008333333333333333	0.016666666666666666
0.016666666666666666	0.008333333333333333
0.0125	0.0
0.03	0.005
0.05	0.025
0.0	0.0
0.025	0.059375
0.0	0.0
0.008333333333333333	0.0
0.07500000000000001	0.05
0	0
0.025	0.0
0.10208333333333335	0.027083333333333334
0.008333333333333333	0.0
0.05625	0.0
0	0
0.053125000000000006	0.05625
0.0	0.0
0	0
0.05	0.025
0.034999999999999996	0.056666666666666664
0	0
0.0	0.0
0.075	0.0
0.016666666666666666	0.0
0.05	0.025
0.0125	0.0
0	0
0.05555555555555555	0.019444444444444445
0.0875	0.125
0.05	0.025
0.0	0.0
0.0	0.0625
0	0
0.08333333333333333	0.008333333333333333
0	0
0.041666666666666664	0.008333333333333333
0.1375	0.0
0.025	0.0
0.025	0.0
0.0642857142857143	0.0035714285714285718
0.02307692307692308	0.0038461538461538464
0.05	0.025
0.025	0.0125
0	0
0.0625	0.0125
0.0875	0.0
0.0625	0.0125
0	0
0	0
0.016666666666666666	0.024999999999999998
0.06875	0.00625
0.025	0.0
0.03333333333333333	0.016666666666666666
0.025	0.0125
0	0
0.075	0.025
0.4	0.0
0.0375	0.018750000000000003
0.03611111111111111	0.013888888888888888
0.1	0.0125
0.04583333333333334	0.004166666666666667
0.05	0.025
0	0
0.03333333333333333	0.008333333333333333
0	0
0.05	0.025
0.025000000000000005	0.012500000000000002
0.11666666666666665	0.09166666666666667
0.05	0.025
0.075	0.03333333333333333
0.025	0.01875
0	0
0.05	0.025
0.025000000000000005	0.0
0	0
0.05	0.00625
0.0	0.0
0	0
0.025	0.0
0.0	0.0
0.275	0.0
0.01	0.07
0.025000000000000005	0.0
0.025	0.0
0.05	0.025
0.05	0.4
0.0125	0.0
0.03333333333333333	0.016666666666666666
0.037500000000000006	0.025
0.0	0.0
0	0
0.0125	0.0
0.05	0.13125
0.008333333333333333	0.0
0.125	0.025
0.05	0.0125
0.046875	0.015625
0.08333333333333333	0.041666666666666664
0.0	0.0
0.025	0.005
0.040624999999999994	0.009375000000000001
0.04375	0.03125
0.025	0.2
0	0
0.025000000000000005	0.008333333333333333
0.05625	0.0
0	0
0	0
0.037500000000000006	0.0
0	0
0	0
0.025000000000000005	0.008333333333333333
0.0	0.0
0.09	0.0
0.025	0.0125
0.04722222222222223	0.0
0.0125	0.0
0.0375	0.1
0.039999999999999994	0.017499999999999998
0.0	0.0
0	0
0.025	0.0
0.05	0.025
0	0
0.0	0.0
0.0	0.0
0.05	0.025
0.11875000000000001	0.00625
0	0
0	0
0.0125	0.0
0	0
0.15	0.0625
0	0
0.05	0.025
0	0
0.15	0.0
0	0
0.0	0.0
0.03333333333333333	0.016666666666666666
0	0
0.05	0.025
0	0
0.0	0.0
0.0625	0.0875
0.05	0.0
0.0	0.0
0.03333333333333333	0.016666666666666666
0.05	0.025
0.025	0.0125
0.025	0.0125
0	0
0.11666666666666668	0.10000000000000002
0.08750000000000001	0.03125
0	0
0.056249999999999994	0.02291666666666667
0.0125	0.0
0.029166666666666664	0.05416666666666667
0.15	0.0
0.0125	0.0
0	0
0.016666666666666666	0.03333333333333333
0.04	0.01
0.0	0.10833333333333334
0	0
0.075	0.05
0.05	0.025
0.0	0.0
0.026562500000000003	0.0375
0	0
0	0
0.05	0.025
0.05	0.025
0.037500000000000006	0.0125
0.025	0.125
0.05833333333333333	0.09166666666666667
0.0875	0.0
0	0
0	0
0.05833333333333333	0.016666666666666666
0.06458333333333334	0.08750000000000001
0.175	0.0
0.0125	0.0
0.05833333333333333	0.0
0.05	0.0
0.05	0.075
0.05	0.025
0.0	0.0
0.024999999999999998	0.06309523809523811
0.15833333333333335	0.015277777777777779
0	0
0.03928571428571429	0.07142857142857142
0.06499999999999999	0.045
0.05625	0.00625
0.0	0.0
0	0
0.0	0.0
0.15	0.0
0	0
0.03125	0.03125
0.0	0.0
0	0
0	0
0.125	0.0625
0.0125	0.021875
0.05	0.025
0.0	0.1625
0	0
0.0625	0.0
0.06875	0.003125
0	0
0.049999999999999996	0.0
0.0125	0.0
0	0
0.0125	0.0
0.275	0.0
0.275	0.0
0.0125	0.0125
0.04583333333333334	0.0
0.125	0.0
0.025	0.01
0.05	0.025
0	0
0.0125	0.0
0	0
0.05	0.0
0	0
0.05	0.025
0.09166666666666667	0.049999999999999996
0.11250000000000002	0.034375
0.016666666666666666	0.0
0	0
0.0	0.0
0.10625	0.04375
0	0
0	0
0.05500000000000001	0.0875
0.05	0.025
0.0	0.075
0.08333333333333333	0.016666666666666666
0.0	0.0
0.041666666666666664	0.0
0.25	0.16666666666666666
0.05499999999999999	0.005
0.10625000000000001	0.04375
0	0
0.0	0.0
0.025	0.00625
0.0	0.0
0.025	0.0
0.09375	0.041666666666666664
0.0	0.0
0.075	0.15
0.05833333333333333	0.0
0.0625	0.025
0	0
0.0	0.0
0.05	0.0
0.025	0.0
0.0125	0.0
0.025	0.0
0	0
0.0	0.0
0	0
0.05	0.075
0.037500000000000006	0.0
0.0	0.0
0	0
0.025	0.0
0.05	0.0
0.04375	0.0
0.0	0.0
0.0	0.0
0.1416666666666667	0.0
0.075	0.0
0.275	0.0
0.05	0.0125
0.02	0.08
0	0
0	0
0.0375	0.0625
0.06	0.03
0.0	0.0
0	0
0.025	0.0125
0.09375	0.05625
0.025	0.0625
0.025	0.0
0.014285714285714287	0.05714285714285715
0.05	0.025
0.0	0.0
0.025	0.1375
0.016666666666666666	0.0
0.05	0.0
0.025000000000000005	0.008333333333333333
0	0
0.041666666666666664	0.041666666666666664
0.275	0.0
0.05	0.025
0.0	0.0
0.0875	0.0
0.008333333333333333	0.0
0.0125	0.0
0.0	0.0
0.275	0.0
0.029166666666666664	0.0
0.025	0.0125
0.14375	0.18125
0.0	0.0
0.07222222222222223	0.0
0.05	0.025
0.0625	0.0125
0.06666666666666667	0.008333333333333333
0.05500000000000001	0.03
0.03333333333333333	0.0
0.075	0.03125
0.12916666666666668	0.024999999999999998
0.025	0.0
0	0
0	0
0.02	0.005
0.0	0.0
0.07083333333333335	0.05000000000000001
0	0
0.1	0.0
0.025	0.0125
0.05	0.025
0.025	0.00625
0.0625	0.0
0	0
0	0
0	0
0	0
0.06666666666666667	0.0
0.025	0.0
0	0
0.05	0.025
0.024999999999999998	0.041666666666666664
0.025	0.25
0.08333333333333333	0.049999999999999996
0	0
0.028333333333333332	0.0
0.1	0.0875
0.016666666666666666	0.0
0.014285714285714287	0.0035714285714285718
0.07500000000000001	0.037500000000000006
0.017361111111111112	0.005555555555555556
0.08333333333333333	0.054166666666666675
0.0	0.0
0.0125	0.0
0.25	0.1375
0.05	0.025
0	0
0.016666666666666666	0.0
0.015909090909090907	0.013636363636363636
0.125	0.05
0.0	0.0
