0.018750000000000003	0.00625
0	0
0.05	0.0
0.025000000000000005	0.16666666666666666
0.037500000000000006	0.0125
0.01	0.005
0.025	0.0
0.025	0.0
0.04375	0.05
0.0	0.0
0.0	0.0
0.05	0.025
0.07500000000000001	0.225
0.0	0.0
0	0
0.015000000000000003	0.0
0.05	0.0125
0.021666666666666667	0.013333333333333334
0.05	0.01
0	0
0.03333333333333333	0.008333333333333333
0.0	0.0
0.1875	0.0
0.025	0.0
0.05	0.025
0.08125	0.0125
0.0625	0.0125
0	0
0	0
0.0	0.041666666666666664
0.016666666666666666	0.0
0	0
0.05	0.0
0.07500000000000001	0.075
0.05	0.025
0.075	0.016666666666666666
0.025	0.0125
0	0
0.025	0.015000000000000003
0.0	0.0
0.025000000000000005	0.15833333333333335
0	0
0	0
0	0
0.05	0.05
0.0	0.0
0.0	0.0
0	0
0.025	0.0125
0.041666666666666664	0.0
0.0	0.0
0.016666666666666666	0.0
0.0	0.0
0.04375	0.09375
0	0
0.0	0.0
0.03333333333333333	0.016666666666666666
0.025	0.0
0.037500000000000006	0.0
0.0	0.0
0.0125	0.05
0	0
0.0	0.0
0	0
0.0	0.1
0.025	0.0
0.025	0.0125
0.05	0.0375
0.0375	0.0
0.275	0.0
0	0
0.0	0.0
0.0125	0.0
0	0
0.0	0.0
0.0	0.0
0	0
0	0
0.0625	0.0375
0.0	0.075
0.03333333333333333	0.008333333333333333
0.0125	0.0375
0	0
0	0
0	0
0.025	0.0125
0.05833333333333333	0.008333333333333333
0	0
0.05	0.0
0.06666666666666668	0.05000000000000001
0	0
0.045000000000000005	0.015000000000000003
0	0
0.096875	0.115625
0.025	0.075
0.025	0.0
0	0
0.05	0.025
0	0
0.045	0.0
0.15	0.0
0.025	0.0125
0.015625	0.003125
0	0
0.008333333333333333	0.0
0.09375	0.041666666666666664
0	0
0	0
0.0	0.0
0	0
0.03333333333333333	0.008333333333333333
0	0
0.05	0.0375
0.0	0.0
0.0	0.0
0	0
0.0	0.0
0.0125	0.0
0.018750000000000003	0.0
0.025000000000000005	0.041666666666666664
0	0
0.27499999999999997	0.08333333333333333
0.03333333333333333	0.016666666666666666
0	0
0	0
0.05885416666666667	0.027604166666666666
0.025	0.0
0.024999999999999998	0.008333333333333333
0.025000000000000005	0.13333333333333333
0.0	0.0
0.025	0.0
0.06999999999999999	0.045
0.043750000000000004	0.0125
0.0390625	0.00625
0.041666666666666664	0.049999999999999996
0.0	0.0
0.01875	0.00625
0.016666666666666666	0.008333333333333333
0.075	0.09166666666666667
0.075	0.1
0.025	0.0
0	0
0.025	0.2
0	0
0.025	0.17500000000000002
0.0	0.0
0.037500000000000006	0.00625
0.041666666666666664	0.008333333333333333
0	0
0.0125	0.0
0.025	0.015
0	0
0.0125	0.05
0.10833333333333334	0.10000000000000002
0.0	0.0
0	0
0.037500000000000006	0.0125
0.0	0.0
0.0	0.05
0.05	0.0125
0.05	0.0
0.0	0.03333333333333333
0	0
0.03333333333333333	0.041666666666666664
0.0	0.0
0.015625	0.003125
0.012500000000000002	0.0
0.025	0.0
0.1375	0.0625
0	0
0	0
0.05	0.025
0.0	0.0
0	0
0.0	0.0
0.025	0.025
0.0	0.0
0.45	0.0
0.03333333333333333	0.03333333333333333
0.05	0.025
0	0
0.025	0.00625
0	0
0	0
0.0	0.0
0.0225	0.01
0.0	0.0
0	0
0.075	0.0
0.0	0.0
0	0
0.0	0.0
0.075	0.1
0	0
0.05	0.05
0.15	0.0
0.025	0.0125
0	0
0	0
0.0	0.0
0.041666666666666664	0.0
0.05	0.025
0.008333333333333333	0.0
0.03	0.0
0.0	0.0
0.025000000000000005	0.13333333333333333
0.0	0.0
0	0
0	0
0.0375	0.0625
0.037500000000000006	0.0
0.0	0.0
0.025000000000000005	0.0
0.034999999999999996	0.005
0	0
0.05	0.0
0.05	0.0
0	0
0	0
0.025	0.0
0.05	0.0125
0.025	0.0
0.0125	0.0
0	0
0	0
0.0125	0.0
0.0	0.0
0.0125	0.00625
0	0
0.0	0.0
0	0
0.15	0.0
0.0	0.0
0	0
0.041666666666666664	0.0
0.0	0.0
0.0	0.0
0	0
0.0	0.2
0	0
0.05	0.0
0.025	0.0
0.0125	0.0
0	0
0.04375	0.00625
0.0	0.0
0.0	0.041666666666666664
0	0
0	0
0.075	0.2
0.03333333333333333	0.008333333333333333
0.037500000000000006	0.0
0.008333333333333333	0.0
0.0	0.05
0.025	0.0
0.05500000000000001	0.005
0.03125	0.09375
0.025	0.0125
0.025	0.0
0.0	0.0
0.05	0.025
0.034999999999999996	0.02
0	0
0.05	0.025
0.025000000000000005	0.025000000000000005
0	0
0.0	0.0
0.024999999999999998	0.0
0.0	0.075
0.0375	0.0375
0.018750000000000003	0.018750000000000003
0.041666666666666664	0.008333333333333333
0.1	0.0
0.015000000000000003	0.005
0.0	0.0
0.125	0.0
0.025	0.0
0.1	0.0125
0.275	0.0
0.15	0.2
0.0	0.0
0.025	0.0
0.025	0.0
0.0	0.025
0	0
0	0
0.05	0.025
0.025	0.0125
0.15	0.0
0.025000000000000005	0.008333333333333333
0.016666666666666666	0.008333333333333333
0	0
0.0	0.0
0.05	0.025
0.0	0.0
0.05	0.0
0.018750000000000003	0.00625
0.05499999999999999	0.0
0	0
0.10000000000000002	0.041666666666666664
0.06666666666666667	0.08333333333333333
0.025	0.0125
0.03461538461538462	0.0038461538461538464
0	0
0	0
0.0	0.0
0.075	0.0
0	0
0.05	0.05625
0.025	0.0125
0	0
0.0	0.0
0.0	0.025
0.025	0.0125
0.04285714285714286	0.042857142857142864
0.0	0.0
0.0	0.0
0.1	0.05
0.0	0.0
0	0
0	0
0	0
0.0625	0.03125
0.03214285714285714	0.03928571428571429
0.016666666666666666	0.008333333333333333
0.045000000000000005	0.005
0.1	0.05
0.037500000000000006	0.0125
0.018750000000000003	0.1
0.0125	0.0125
0.016666666666666666	0.008333333333333333
0.02	0.005
0	0
0.025	0.0
0	0
0.0	0.0
0.0	0.0
0	0
0	0
0.025	0.0
0.045	0.01
0.0	0.0
0.075	0.0625
0.025	0.0125
0	0
0.02692307692307692	0.011538461538461537
0.041666666666666664	0.013888888888888888
0	0
0	0
0.125	0.0625
0.0	0.0
0.025	0.0
0.005	0.0
0.025	0.0
0.0625	0.0
0.02321428571428571	0.012499999999999999
0.027499999999999997	0.01
0.025	0.0375
0.035	0.015000000000000003
0.0	0.0
0	0
0.025	0.0
0.0	0.05
0.05	0.025
0.078125	0.053125000000000006
0.0	0.0
0.0	0.0
0	0
0.06666666666666667	0.041666666666666664
0.025	0.0
0.0125	0.0
0.0625	0.0125
0.05	0.0
0.015000000000000003	0.005
0	0
0.0	0.0
0.029166666666666664	0.0
0	0
0	0
0.125	0.0
0.06500000000000002	0.027500000000000004
0.09375	0.00625
0	0
0.025	0.05
0.06	0.04
0.025	0.0
0.0	0.0
0.1375	0.0625
0.09375	0.0375
0.0	0.0
0.0	0.0
0.025	0.0
0.0875	0.0125
0	0
0	0
0.0	0.0
0	0
0	0
0.125	0.0
0.05	0.025
0.0	0.0
0.025	0.0125
0	0
0.0125	0.0
0.0875	0.125
0.0	0.0
0	0
0	0
0.05	0.025
0.06666666666666667	0.004166666666666667
0.05	0.025
0.03333333333333333	0.008333333333333333
0.025	0.0125
0	0
0	0
0.1	0.11499999999999999
0.06666666666666667	0.0
0	0
0.06499999999999999	0.0
0.025000000000000005	0.008333333333333333
0.0	0.0
0	0
0	0
0.090625	0.0203125
0.0	0.0
0.025	0.0
0.025	0.0
0.06	0.05
0.0	0.0
0	0
0.0	0.0
0.05833333333333334	0.03333333333333333
0.037500000000000006	0.0
0	0
0.0	0.1
0.028125	0.0125
0.018750000000000003	0.00625
0.028571428571428574	0.0
0.0125	0.025
0.037500000000000006	0.0
0	0
0.025	0.0125
0.025	0.0
0.0	0.0
0.05357142857142856	0.0
0	0
0.025	0.0
0.0125	0.0
0	0
0	0
0.025	0.0125
0.07999999999999999	0.025
0.021428571428571432	0.010714285714285716
0	0
0.05	0.025
0.0475	0.0375
0	0
0.075	0.0
0.0642857142857143	0.02142857142857143
0.0125	0.0
0	0
0.0	0.0
0.05000000000000001	0.016666666666666666
0	0
0.025	0.0
0.04375	0.0
0.03333333333333333	0.0
0	0
0.0125	0.0
0.025	0.0
0	0
0	0
0	0
0	0
0.16249999999999998	0.0625
0.08125	0.0625
0.075	0.0
0.0	0.0
0	0
0.0	0.35
0.00625	0.0
0	0
0	0
0	0
0.0375	0.0
0.0	0.0
0.05	0.025
0.034374999999999996	0.003125
0	0
0.1625	0.0125
0.034999999999999996	0.015000000000000003
0	0
0.025	0.0125
0.03928571428571429	0.06785714285714285
0.06875	0.06875
0	0
0.025	0.0
0.0	0.0
0.025	0.0
0	0
0	0
0.07142857142857142	0.014285714285714287
0	0
0.15	0.0
0.05000000000000001	0.008333333333333333
0.018750000000000003	0.0
0.05	0.0
0.05	0.025
0.05454545454545456	0.045454545454545456
0.0125	0.0
0.0	0.0
0	0
0.02142857142857143	0.0071428571428571435
0.025	0.0
0.025	0.0
0.02916666666666667	0.004166666666666667
0.05833333333333333	0.0
0.0	0.0
0.0875	0.0
0	0
0.025	0.0125
0.0	0.0
0.0625	0.075
0.025	0.0125
0.025	0.0
0.025	0.0
0.1	0.0125
0.02	0.005
0.037500000000000006	0.0125
0.025	0.0
0.016666666666666666	0.008333333333333333
0.008333333333333333	0.0
0.0	0.0
0.05	0.025
0	0
0.075	0.008333333333333333
0.025	0.0
0.0	0.0
0.05	0.025
0	0
0.0125	0.00625
0.025	0.0875
0	0
0.05	0.025
0.025	0.0
0	0
0	0
0.025	0.0125
0	0
0.025000000000000005	0.025000000000000005
0	0
0	0
0	0
0	0
0	0
0	0
0	0
0.075	0.0
0.025	0.0125
0.0375	0.1
0	0
0	0
0.025	0.0
0.0625	0.0625
0.08124999999999999	0.1
0	0
0.06874999999999999	0.01875
0	0
0.0	0.0
0.07500000000000001	0.07083333333333335
0.0	0.0
0.025	0.0
0.05	0.00625
0.05	0.025
0.05	0.025
0.025	0.037500000000000006
0.025000000000000005	0.0
0.025	0.0125
0.05	0.0
0.0	0.0
0.016666666666666666	0.0
0.008333333333333333	0.0
0.05833333333333333	0.03333333333333333
0.05	0.0
0.0	0.0
0	0
0.0	0.0
0.025	0.0
0.1	0.0
0	0
0.04375	0.0
0.00625	0.0
0.11666666666666665	0.049999999999999996
0.07250000000000001	0.0125
0	0
0	0
0.049999999999999996	0.0
0.0	0.0
0.0	0.0
0.15625	0.0375
0	0
0.06999999999999999	0.005
0.025	0.0
0.037500000000000006	0.0
0	0
0	0
0.0	0.0
0.049999999999999996	0.025000000000000005
0	0
0.014285714285714287	0.025
0.05	0.025
0.0	0.0125
0	0
0.037500000000000006	0.0
0	0
0.0	0.0
0.05625	0.00625
0.03928571428571428	0.0035714285714285718
0.034375	0.01875
0.075	0.0
0.0	0.0
0.1125	0.025
0.025	0.00625
0	0
0.05	0.025
0.0875	0.1375
0.028571428571428574	0.010714285714285716
0.075	0.008333333333333333
0.0	0.0
0.075	0.0625
0.04	0.0
0.025	0.0
0.0	0.0
0.05	0.00625
0.049999999999999996	0.016666666666666666
0.037500000000000006	0.0125
0.025	0.021875
0.0	0.0
0.025	0.0125
0.01	0.015000000000000003
0.0	0.0
0.0	0.0
0.0328125	0.01875
0.025	0.0
0.075	0.0
0.0	0.225
0	0
0.018750000000000003	0.05
0.0	0.0
0	0
0	0
0.0	0.0
0.0125	0.0
0.05	0.00625
0	0
0.016666666666666666	0.008333333333333333
0.0	0.1625
0.05	0.025
0.0	0.0
0	0
0.0	0.0
0.012500000000000002	0.06666666666666667
0.125	0.027777777777777776
0.0375	0.0625
0.0125	0.0
0.0	0.0
0.0	0.0
0.0625	0.0
0.04642857142857143	0.014285714285714287
0.025	0.0125
0.05	0.025
0.0	0.0
0	0
0.0625	0.0
0.0	0.0
0.075	0.0
0.05	0.0125
0.0125	0.0
0	0
0.05	0.025
0.05	0.0125
0.05	0.025
0.04722222222222222	0.0
0.041666666666666664	0.0
0.06875	0.0125
0.049999999999999996	0.002777777777777778
0.0	0.0
0.0	0.0
0.025	0.0375
0.0	0.0
0.25	0.125
0	0
0.0875	0.1
0	0
0.04375	0.0625
0.0	0.0
0	0
0	0
0.025	0.0125
0.025000000000000005	0.0
0	0
0	0
0.05	0.025
0.037500000000000006	0.025
0	0
0	0
0.03125	0.0
0.075	0.0
0	0
0	0
0.025	0.0125
0	0
0.0625	0.025
0	0
0	0
0.0	0.0
0	0
0.05	0.025
0.0	0.0
0.025	0.0
0.1125	0.05
0.016666666666666666	0.0
0.0	0.0
0.075	0.0
0.0	0.0
0.05	0.0
0	0
0.0	0.0
0	0
0.05	0.0
0.075	0.02142857142857143
0	0
0.125	0.0
0	0
0.0	0.0
0.0	0.05
0.0125	0.0
0	0
0.03125	0.015909090909090907
0.05	0.025
0	0
0	0
0.08750000000000001	0.07500000000000001
0.018750000000000003	0.00625
0.025	0.0
0.075	0.0
0.0	0.0
0.0125	0.0
0.008333333333333333	0.016666666666666666
0.025	0.0
0.05	0.025
0.03333333333333333	0.016666666666666666
0.0375	0.1
0.037500000000000006	0.0
0.025	0.0125
0.025	0.0125
0.025	0.0
0.07083333333333335	0.025000000000000005
0	0
0.0	0.0
0.05	0.025
0	0
0.016666666666666666	0.0
0.08214285714285716	0.010714285714285716
0	0
0	0
0.1375	0.03125
0.008333333333333333	0.008333333333333333
0.05	0.0
0.075	0.0
0.075	0.075
0.1	0.0
0	0
0	0
0.0	0.0
0	0
0	0
0	0
0	0
0.05	0.025
0	0
0.0125	0.0
0.0	0.0
0.0	0.0
0.0375	0.025
0.041666666666666664	0.008333333333333333
0.03888888888888889	0.002777777777777778
0.075	0.0125
0.05500000000000001	0.075
0.05	0.025
0.025	0.0
0	0
0	0
0.00625	0.0
0.05000000000000001	0.025000000000000005
0.028124999999999997	0.00625
0.0	0.0125
0.0375	0.03333333333333333
0.0	0.0
0.075	0.05625
0.05	0.0
0	0
0.05000000000000001	0.016666666666666666
0	0
0.125	0.0
0	0
0.06999999999999999	0.06000000000000001
0.016666666666666666	0.0
0	0
0.0625	0.04375
0.03333333333333333	0.002777777777777778
0	0
0.25	0.125
0.0	0.0125
0.025	0.00625
0.0375	0.0375
0.0	0.03125
0	0
0.06999999999999999	0.005
0.06785714285714287	0.016071428571428573
0.07500000000000001	0.0
0	0
0.03333333333333333	0.016666666666666666
0.075	0.04
0.03333333333333333	0.0
0.05	0.025
0.008333333333333333	0.0
0.045	0.01
0	0
0	0
0.05	0.025
0.0	0.0
0.09166666666666667	0.0
0.06944444444444446	0.030555555555555558
0.0	0.0
0.04	0.03
0.0	0.0
0.0625	0.0125
0.03333333333333333	0.008333333333333333
0.0	0.0
0.0125	0.0375
0.0	0.0
0.00625	0.0
0.1135416666666667	0.021875000000000002
0.0	0.0125
0.024999999999999998	0.004166666666666667
0.0453125	0.0078125
0.05833333333333333	0.041666666666666664
0	0
0.025	0.0
0.025	0.0
0	0
0.0125	0.0
0.041666666666666664	0.0
0.0	0.0
0.025	0.025
0	0
0.05	0.025
0.06666666666666667	0.008333333333333333
0	0
0.1625	0.1625
0.15625	0.09375
0.018750000000000003	0.00625
0.0	0.0
0	0
0.0	0.0
0.0	0.0
0.041666666666666664	0.0
0	0
0.0	0.0
0	0
0.025000000000000005	0.008333333333333333
0.0375	0.02291666666666667
0.1	0.05
0.0	0.0
0.0	0.0
0.17250000000000001	0.030000000000000006
0	0
0.0	0.075
0.05	0.025
0.025	0.0
0.075	0.0
0	0
0.05	0.025
0	0
0.017857142857142856	0.0071428571428571435
0.025000000000000005	0.0
0.0	0.0
0.05	0.0
0	0
0.008333333333333333	0.03333333333333333
0	0
0.03333333333333333	0.0
0.016666666666666666	0.0
0	0
0.01875	0.0125
0.275	0.275
0.0	0.05
0.0625	0.0
0.0125	0.0
0	0
0	0
0.05	0.025
0.0	0.0
0.0	0.0
0.09880952380952382	0.023809523809523808
0	0
0	0
0	0
0	0
0.025	0.0
0.0	0.0
0.075	0.01
0.025	0.0125
0.0125	0.0
0.03125	0.00625
0.0	0.0
0.008333333333333333	0.004166666666666667
0.037500000000000006	0.0
0.0375	0.08333333333333333
0.0	0.0625
0.15	0.0
0	0
0.025	0.0
0.025	0.0
0.037500000000000006	0.00625
0.0	0.0
0.05	0.025
0	0
0	0
0	0
0.0	0.0
0.0	0.125
0.15	0.0
0	0
0.25	0.125
0.0	0.0
0.0625	0.0625
0	0
0	0
0.025	0.020833333333333332
0.02	0.14750000000000002
0	0
0	0
0.045	0.01
0.0	0.0
0.05	0.025
0	0
0	0
0	0
0.0	0.0
0.05	0.025
0.06666666666666667	0.016666666666666666
0	0
0	0
0.05000000000000001	0.008333333333333333
0.05	0.0
0.0125	0.0
0	0
0.0375	0.0
0.018750000000000003	0.00625
0.0	0.0
0.016666666666666666	0.008333333333333333
0.125	0.025
0.01	0.005
0.025	0.0125
0	0
0.025	0.0
0.037500000000000006	0.037500000000000006
0.1375	0.03125
0.125	0.0625
0.025	0.022222222222222223
0.029166666666666664	0.0
0.0625	0.025
0	0
0.0875	0.0125
0	0
0.0	0.03333333333333333
0.15	0.0
0.0	0.0
0	0
0.05833333333333333	0.0
0.025	0.0
0.0	0.0
0.0611111111111111	0.011111111111111112
0.075	0.03
0.016666666666666666	0.0
0.05	0.0
0.025000000000000005	0.024999999999999998
0	0
0.008333333333333333	0.0
0.05	0.025
0.025	0.0125
0.042857142857142864	0.0
0.075	0.1
0.0625	0.075
0.049999999999999996	0.0
0.025	0.0
0.25	0.0
0	0
0.14375000000000002	0.1
0.0	0.0
0.0125	0.0
0	0
0	0
0.025	0.0
0	0
0	0
0	0
0.016666666666666666	0.0
0.020833333333333332	0.0625
0	0
0	0
0.0875	0.025
0.0	0.0
0.0	0.0
0.045	0.015
0.03333333333333333	0.075
0	0
0.06	0.005
0.018750000000000003	0.00625
0	0
0.0	0.0
0.01	0.0
0.05	0.025
0	0
0.016666666666666666	0.0
0.0125	0.0
0	0
0.225	0.0625
0	0
0.06875	0.065625
0.05	0.025
0.0125	0.0
0.13125	0.1
0.05	0.025
0.04375	0.028125
0.075	0.0
0	0
0.025	0.075
0.02692307692307693	0.007692307692307693
0.06666666666666668	0.03333333333333334
0.049999999999999996	0.13333333333333333
0.0	0.05
0.0	0.0
0.025	0.0
0.075	0.025
0	0
0.06999999999999999	0.005
0.05	0.02222222222222222
0.025	0.0625
0.04305555555555556	0.018055555555555557
0.0	0.0
0	0
0.04583333333333334	0.004166666666666667
0.041666666666666664	0.0
0.058750000000000004	0.01125
0.018750000000000003	0.0375
0.25	0.125
0.0	0.0
0.025	0.0
0	0
0.016666666666666666	0.008333333333333333
0.015000000000000003	0.005
0.0125	0.0
0.05	0.025
0.037500000000000006	0.00625
0.025000000000000005	0.008333333333333333
0	0
0.0625	0.0
0	0
0.08750000000000001	0.003125
0	0
0.0	0.0
0	0
0.0875	0.1
0	0
0.075	0.0625
0.05	0.00625
0.020833333333333332	0.0
0.025000000000000005	0.13333333333333333
0.025	0.0
0	0
0.046875	0.046875
0.008333333333333333	0.0
0.045	0.04
0.0	0.0
0	0
0.0375	0.00625
0	0
0.041666666666666664	0.008333333333333333
0.05357142857142856	0.02142857142857143
0.03611111111111111	0.008333333333333335
0.05	0.025
0.041666666666666664	0.049999999999999996
0	0
0.0	0.0
0.0125	0.0
0	0
0	0
0	0
0.0	0.0
0.05	0.025
0.025	0.0
0	0
0.15	0.0
0	0
0.03958333333333333	0.004166666666666667
0	0
0.0	0.1
0.05	0.0
0.037500000000000006	0.0375
0.046875	0.0
0.0	0.0
0	0
0.025	0.0
0.05	0.025
0	0
0.05	0.025
0.008333333333333333	0.024999999999999998
0.0234375	0.0
0.1	0.0125
0.005	0.0
0.025	0.0
0	0
0.025	0.0125
0.041666666666666664	0.025000000000000005
0.06875	0.0125
0.06666666666666667	0.0
0.05249999999999999	0.1125
0.05	0.015
0.10000000000000002	0.041666666666666664
0.07142857142857142	0.024999999999999998
0.0	0.008333333333333333
0.025	0.0125
0.029166666666666664	0.1875
0.0	0.0
0.0	0.0
0.03333333333333333	0.008333333333333333
0.075	0.0125
0.08750000000000001	0.0
0.0375	0.0
0.06517857142857143	0.014285714285714287
0.034375	0.00625
0.0	0.0
0.08333333333333333	0.016666666666666666
0.0	0.0
0.025	0.0375
0.0	0.0
0.05	0.0
0.05	0.00625
0	0
0.25	0.125
0	0
0.025	0.0125
0	0
0	0
0	0
0.05	0.025
0.0	0.0
0.0	0.0
0.05	0.025
0.05	0.0
0.025	0.075
0	0
0	0
0.037500000000000006	0.0125
0.025000000000000005	0.008333333333333333
0.025	0.0
0.06041666666666667	0.0625
0.0	0.0
0	0
0.015000000000000003	0.005
0.0	0.0
0	0
0.0	0.0
0.0	0.0
0.016666666666666666	0.016666666666666666
0.05	0.025
0.018750000000000003	0.018750000000000003
0.03333333333333333	0.016666666666666666
0.05833333333333333	0.0
0.035	0.075
0.05	0.0
0	0
0.016666666666666666	0.0
0	0
0	0
0.0	0.0
0.075	0.125
0.025	0.0
0.0	0.0
0.0	0.0125
0.15	0.0
0.030859375	0.01484375
0	0
0.016666666666666666	0.004166666666666667
0.05	0.0625
0.016666666666666666	0.0
0.125	0.0
0.1375	0.0625
0	0
0.0	0.0
0	0
0	0
0.0	0.0
0	0
0	0
0.025	0.0
0.03240740740740741	0.02962962962962963
0	0
0.0125	0.0
0.0	0.0
0.05	0.025
0.05	0.025
0.0	0.0
0.25	0.125
0.04090909090909092	0.005681818181818182
0.03333333333333333	0.15833333333333335
0.0	0.0
0	0
0.04642857142857143	0.0035714285714285718
0.018750000000000003	0.0125
0.016666666666666666	0.008333333333333333
0.06000000000000001	0.0
0.05833333333333334	0.024999999999999998
0.020833333333333332	0.0
0.025	0.0
0.0125	0.0
0	0
0.05625	0.04375
0	0
0.0125	0.0
0.0	0.0
0.05	0.025
0.0	0.0
0.0875	0.1
0.03928571428571429	0.03214285714285715
0	0
0.05	0.2
0.028571428571428574	0.014285714285714287
0.10416666666666667	0.0
0.029166666666666664	0.016666666666666666
0.059375	0.028125
0.025	0.01
0.016666666666666666	0.18333333333333335
0.025	0.0
0	0
0.05	0.025
0.0	0.0
0.025	0.0
0.016666666666666666	0.013888888888888888
0.0	0.0
0.15	0.0625
0	0
0	0
0.028125	0.084375
0	0
0	0
0	0
0	0
0.029166666666666664	0.10833333333333334
0.0875	0.0125
0.05	0.0
0.038636363636363635	0.04829545454545456
0.008333333333333333	0.013888888888888888
0.015000000000000003	0.0
0.0	0.0
0.016666666666666666	0.0
0	0
0.0	0.025
0.037500000000000006	0.0125
0.025	0.0
0	0
0.037500000000000006	0.0
0.035	0.01
0	0
0	0
0.0	0.025
0	0
0.0	0.0
0.025	0.0
0.15	0.09999999999999999
0.021428571428571432	0.02142857142857143
0.0	0.0
0.05	0.0375
0.025	0.0
0	0
0	0
0.008333333333333333	0.0
0.049999999999999996	0.041666666666666664
0.05833333333333334	0.004166666666666667
0.0625	0.037500000000000006
0.10833333333333334	0.0
0.03333333333333333	0.008333333333333333
0	0
0.025	0.0125
0	0
0.075	0.025
0	0
0.0375	0.0
0.0	0.0
0.0	0.0
0	0
0.025	0.0625
0.0	0.0
0	0
0.049999999999999996	0.0
0.03333333333333333	0.020833333333333332
0	0
0.03125	0.1
0.05	0.025
0.025000000000000005	0.13333333333333333
0	0
0.0	0.0
0.025000000000000005	0.041666666666666664
0.05	0.025
0.05	0.025
0.06875	0.056249999999999994
0.025	0.05
0.08333333333333333	0.0
0.025	0.0125
0.05357142857142857	0.06964285714285715
0.05833333333333333	0.0
0.025	0.0
0.05833333333333333	0.0
0.033035714285714286	0.06785714285714285
0.02222222222222222	0.06805555555555556
0.0	0.0
0.00625	0.0
0.056249999999999994	0.00625
0.08750000000000001	0.008333333333333333
0.0125	0.0
0.05	0.025
0.09166666666666667	0.041666666666666664
0	0
0.05	0.025
0.05	0.025
0.10416666666666667	0.041666666666666664
0.0	0.0
0.07500000000000001	0.0125
0.06666666666666667	0.0
0	0
0.008333333333333333	0.0
0.045	0.04
0.05	0.025
0.0	0.0
0.02708333333333333	0.020833333333333332
0.020833333333333332	0.0
0	0
0	0
0.025	0.0125
0.05	0.0
0.0	0.0
0	0
0.06666666666666667	0.0
0	0
0.0	0.0
0.05	0.2
0.0	0.0
0.07999999999999999	0.02
0	0
0.05	0.4
0	0
0.0125	0.0
0	0
0	0
0	0
0.03125	0.0
0.0	0.0
0.0125	0.0
0	0
0.03333333333333333	0.024999999999999998
0	0
0.037500000000000006	0.2
0.0	0.0
0.0125	0.0
0.17500000000000002	0.0
0.07727272727272728	0.009090909090909092
0.0	0.0
0.05	0.025
0.05	0.025
0.037500000000000006	0.0375
0.10833333333333334	0.04583333333333334
0.025	0.0
0.025	0.2
0.045	0.01
0	0
0	0
0.0	0.041666666666666664
0.024999999999999998	0.004166666666666667
0.15	0.0
0.025	0.0125
0.0	0.0
0	0
0.04	0.045
0.03333333333333333	0.008333333333333333
0.008333333333333333	0.0
0.0125	0.0
0.037500000000000006	0.0
0.025	0.0125
0	0
0.0	0.1
0.025	0.0
0	0
0.0	0.0
0.037500000000000006	0.2
0.025000000000000005	0.0
0	0
0	0
0.0125	0.0
0.016666666666666666	0.008333333333333333
0	0
0.025	0.0125
0.04166666666666667	0.0125
0.0	0.0
0	0
0.3	0.0125
0.045	0.02
0	0
0.0875	0.0
0.008333333333333333	0.024999999999999998
0.0125	0.0
0.04375	0.09375
0.09583333333333333	0.0
0	0
0.025	0.0125
0.05	0.025
0.05	0.0125
0.025	0.1375
0.025	0.0125
0.025	0.0
0.0	0.0
0.025	0.00625
0.0515625	0.028125
0.041666666666666664	0.008333333333333333
0	0
0.05000000000000001	0.041666666666666664
0.0	0.0
0.020833333333333332	0.020833333333333332
0.05	0.0
0.025	0.2
0.041666666666666664	0.03333333333333333
0.0125	0.05
0	0
0.0	0.0
0.00625	0.00625
0.05000000000000001	0.008333333333333333
0.02142857142857143	0.010714285714285716
0.016666666666666666	0.0
0	0
0	0
0.03928571428571428	0.014285714285714287
0	0
0.03333333333333333	0.008333333333333333
0.0	0.0
0.025	0.0
0.025	0.0125
0.075	0.2
0.02	0.03
0.016666666666666666	0.008333333333333333
0	0
0.075	0.0
0.03214285714285715	0.0
0	0
0	0
0.0	0.025
0.0	0.0
0.05833333333333333	0.0
0.05833333333333333	0.08333333333333333
0.025000000000000005	0.008333333333333333
0.05833333333333332	0.002777777777777778
0.14097222222222222	0.059722222222222225
0	0
0	0
0	0
0	0
0	0
0.125	0.0
0	0
0.025	0.00625
0	0
0.016666666666666666	0.0
0.045	0.005
0	0
0	0
0.0	0.0
0.05000000000000001	0.0
0	0
0	0
0.049999999999999996	0.01875
0.05	0.034999999999999996
0.07135416666666668	0.017187499999999998
0.0	0.0
0.049999999999999996	0.024999999999999998
0.058333333333333334	0.027777777777777776
0.025	0.0
0.0	0.0
0	0
0	0
0	0
0	0
0.0	0.0
0.0	0.0
0	0
0.04687500000000001	0.00625
0.023214285714285715	0.04107142857142857
0.025000000000000005	0.025000000000000005
0.025000000000000005	0.008333333333333333
0.025	0.0
0	0
0.0	0.0
0	0
0.0	0.0
0.06666666666666667	0.041666666666666664
0.025000000000000005	0.008333333333333333
0.0	0.0
0.049999999999999996	0.041666666666666664
0.049999999999999996	0.05
0.0125	0.0
0.0875	0.0
0.15	0.0
0.0675	0.03125
0.025	0.0
0.05	0.0
0.05	0.025
0	0
0.0125	0.0
0.04	0.01
0	0
0.05000000000000001	0.05833333333333333
0.05	0.025
0.0	0.0
0.025	0.0
0.1375	0.0625
0	0
0	0
0.0	0.0
0.09999999999999999	0.0
0.0	0.0
0.065	0.04
0	0
0.075	0.05
0.09375	0.0375
0.0125	0.00625
0.15	0.0
0.10833333333333334	0.016666666666666666
0.0	0.0
0.0	0.0
0.15	0.0
0	0
0.0	0.0
0.0125	0.0
0.018750000000000003	0.00625
0	0
0.040625	0.0125
0.05	0.025
0.05	0.05
0.025	0.0
0.015000000000000003	0.005
0	0
0	0
0	0
0.0	0.1
0.025	0.0
0	0
0.09464285714285715	0.02142857142857143
0.0	0.0
0.05	0.05
0.04642857142857142	0.02142857142857143
0.05499999999999999	0.005
0.1875	0.28750000000000003
0.05833333333333333	0.0
0.018750000000000003	0.0
0.015000000000000003	0.005
0.01875	0.03125
0.037500000000000006	0.05
0	0
0.04375	0.0
0.025	0.0
0.016666666666666666	0.008333333333333333
0.375	0.0
0.0	0.0
0	0
0.025000000000000005	0.008333333333333333
0.19999999999999998	0.1125
0.0375	0.020833333333333332
0.0875	0.0125
0.05	0.0
0.0	0.0
0.0	0.0
0.06428571428571428	0.014285714285714287
0.0375	0.0
0	0
0.03888888888888889	0.013888888888888888
0.0	0.075
0.0875	0.0
0.0	0.0
0.0	0.0
0	0
0.049999999999999996	0.0
0	0
0.0	0.0
0	0
0	0
0	0
0	0
0	0
0	0
0.1	0.0
0	0
0.15	0.0
0.1	0.0
0	0
0.0	0.0
0	0
0	0
0.075	0.05
0	0
0.043750000000000004	0.0
0.05	0.025
0	0
0	0
0	0
0	0
0	0
0	0
0	0
0	0
0	0
0.025	0.0
0.125	0.0
0	0
0.05	0.025
0.0	0.0
0	0
0.015	0.175
0.05	0.0125
0.05	0.025
0.025	0.0
0	0
0	0
0.0125	0.0
0	0
0.05	0.025
0.011363636363636364	0.020454545454545454
0	0
0.03125	0.0125
0.0425	0.030000000000000006
0.041666666666666664	0.008333333333333333
0	0
0.25	0.125
0.0	0.0
0.0	0.0
0.0625	0.03125
0.0	0.0
0.0	0.025
0.05833333333333333	0.0
0	0
0	0
0.0	0.0
0.0	0.0
0.025	0.02
0.0	0.0
0.02142857142857143	0.0035714285714285718
0.0125	0.0
0.05	0.025
0.06666666666666667	0.06666666666666667
0.0375	0.0375
0.0125	0.00625
0.025	0.0
0.0	0.0
0.06666666666666667	0.024999999999999998
0	0
0.015625	0.03125
0	0
0.075	0.0
0	0
0.25	0.05
0	0
0.05	0.025
0.025	0.0125
0.0375	0.0
0.0	0.0
0.016666666666666666	0.0
0.0	0.0
0.0	0.0
0	0
0.0	0.0
0.05416666666666667	0.024999999999999998
0.0375	0.01875
0.0	0.05
0.00625	0.0
0.0	0.0
0.018750000000000003	0.025
0.05833333333333333	0.0
0	0
0.016666666666666666	0.008333333333333333
0.0	0.0
0	0
0.008333333333333333	0.0
0.0	0.0
0	0
0.25	0.125
0.049999999999999996	0.024999999999999998
0.08333333333333333	0.08333333333333333
0.025	0.0
0.02916666666666667	0.029166666666666664
0	0
0	0
0.037500000000000006	0.00625
0.05	0.0
0.0	0.45
0.04285714285714286	0.02142857142857143
0.0	0.0
0.075	0.125
0.0125	0.0
0.025	0.025
0.0	0.0
0.0	0.0
0.037500000000000006	0.0125
0.025	0.0
0.0	0.0
0.05000000000000001	0.008333333333333333
0	0
0.1625	0.0125
0.037500000000000006	0.0125
0.05	0.025
0.025	0.0
0.05	0.025
0	0
0.016666666666666666	0.041666666666666664
0.025	0.0
0.0	0.0
0.05833333333333333	0.0
0.052500000000000005	0.0475
0	0
0.0625	0.0
0.0	0.05
0	0
0.078125	0.0625
0.06000000000000001	0.075
0.0	0.008333333333333333
0.0125	0.0
0.0	0.0
0	0
0	0
0	0
0	0
0	0
0.0	0.0
0.325	0.0
0.05833333333333333	0.0
0	0
0	0
0.0	0.0
0.0	0.0
0	0
0.0125	0.0375
0	0
0.05	0.025
0	0
0.025	0.0
0	0
0.037500000000000006	0.0125
0.049999999999999996	0.008333333333333333
0.25	0.125
0.0875	0.0
0.09166666666666667	0.049999999999999996
0.05	0.025
0	0
0.025	0.0
0	0
0.0	0.0
0	0
0	0
0	0
0.025000000000000005	0.012499999999999999
0.015000000000000003	0.01
0	0
0.024999999999999998	0.0
0.0875	0.025
0.0125	0.0
0.03333333333333333	0.020833333333333332
0	0
0.0125	0.0
0.05	0.05
0.0	0.0
0	0
0.025	0.0125
0	0
0.0	0.025
0.0	0.0
0.05000000000000001	0.025000000000000005
0.09999999999999999	0.00625
0.06666666666666667	0.008333333333333333
0	0
0.0	0.0
0.008333333333333333	0.0
0	0
0	0
0.0	0.0
0.025	0.0
0.08333333333333333	0.004166666666666667
0	0
0.05	0.025
0.0	0.03333333333333333
0	0
0	0
0.05625	0.04375
0	0
0.03125	0.025
0	0
0.008333333333333333	0.0
0.039999999999999994	0.0
0	0
0.0375	0.1
0	0
0	0
0.0	0.0
0.030000000000000006	0.0
0	0
0.028571428571428574	0.014285714285714287
0.025	0.0
0.037500000000000006	0.00625
0.037500000000000006	0.0125
0.0	0.0
0.0625	0.0125
0	0
0	0
0.018750000000000003	0.0
0	0
0.0	0.0
0	0
0.0	0.0
0	0
0	0
0.025	0.0
0	0
0.07500000000000001	0.03125
0.025	0.00625
0.020833333333333332	0.004166666666666667
0.10416666666666669	0.012500000000000002
0.15	0.2
0.025	0.0
0.018750000000000003	0.00625
0.0	0.0
0	0
0.03125	0.09375
0.075	0.0
0	0
0.04375	0.09375
0.0	0.0
0	0
0.0125	0.0
0.03125	0.00625
0.016666666666666666	0.13333333333333333
0.0375	0.0125
0	0
0.025	0.0
0.025	0.0125
0.02	0.01
0	0
0.060416666666666674	0.025000000000000005
0	0
0.0	0.0
0.11249999999999999	0.049999999999999996
0	0
0.037500000000000006	0.00625
0.005	0.015
0.002777777777777778	0.03888888888888889
0.05	0.05
0.0375	0.0
0.049999999999999996	0.02857142857142857
0.025	0.0125
0.016666666666666666	0.0020833333333333333
0.0	0.1
0.05500000000000001	0.0
0.0	0.0
0.0	0.0
0	0
0	0
0.0125	0.0
0.03333333333333333	0.06666666666666668
0.0125	0.0
0	0
0.0125	0.0
0.0	0.0
0.09166666666666667	0.15833333333333333
0	0
0	0
0	0
0	0
0	0
0	0
0.0	0.0
0.03333333333333333	0.1416666666666667
0.03571428571428571	0.05714285714285715
0.0125	0.0
0.0	0.175
0.025	0.0
0	0
0.05	0.025
0	0
0.03125	0.0
0.1625	0.0
0.0	0.125
0.025	0.0
0	0
0	0
0	0
0	0
0.041666666666666664	0.0
0	0
0.0125	0.0
0	0
0.0	0.0
0.018750000000000003	0.00625
0	0
0.045	0.034999999999999996
0.0	0.0
0.05	0.0125
0.025	0.0125
0.025	0.0
0.0	0.0
0.0	0.15
0.0	0.0
0	0
0.0125	0.0
0.0	0.0
0.058333333333333334	0.05555555555555555
0	0
0.11944444444444446	0.013888888888888888
0.0	0.0
0	0
0.10833333333333334	0.025000000000000005
0.075	0.0
0	0
0.275	0.0
0	0
0.075	0.03333333333333333
0	0
0	0
0.05	0.0
0	0
0.07857142857142858	0.0
0.08333333333333333	0.004166666666666667
0.039999999999999994	0.05
0	0
0	0
0	0
0.0	0.0
0	0
0	0
0.016666666666666666	0.008333333333333333
0	0
0.011111111111111112	0.016666666666666666
0.0	0.0
0.008333333333333333	0.043750000000000004
0.0	0.0
0.025	0.00625
0	0
0.0	0.0
0.05	0.025
0.0125	0.0
0.008333333333333333	0.0
0.03333333333333333	0.016666666666666666
0.275	0.0
0.025	0.0
0.01875	0.00625
0.0375	0.00625
0	0
0.05	0.025
0.043750000000000004	0.009375000000000001
0.025	0.0125
0.05	0.0
0	0
0.008333333333333333	0.0
0.056249999999999994	0.05625
0.0	0.0
0.06875	0.03125
0	0
0.25	0.1
0	0
0	0
0	0
0.05	0.0125
0.05	0.0
0	0
0.05	0.025
0.025	0.0
0	0
0.05	0.0125
0.0	0.0
0	0
0.037500000000000006	0.0125
0	0
0.025	0.05
0	0
0	0
0.015625	0.00625
0.049999999999999996	0.016666666666666666
0	0
0	0
0	0
0.0625	0.078125
0.05	0.025
0.0	0.0
0.075	0.06
0.025	0.0
0	0
0	0
0.09166666666666667	0.0
0	0
0	0
0.0	0.0
0.0125	0.0
0.028571428571428574	0.023214285714285715
0.0125	0.0
0.15	0.075
0.025	0.0
0.016666666666666666	0.012499999999999999
0.05	0.025
0	0
0.06874999999999999	0.01875
0.05	0.025
0.025	0.0
0.25	0.125
0	0
0	0
0	0
0.0	0.0
0.03333333333333333	0.041666666666666664
0.0	0.0
0.041666666666666664	0.016666666666666666
0.0	0.125
0	0
0.10833333333333334	0.075
0.0125	0.0
0.11666666666666668	0.0
0.025	0.0
0.025	0.0375
0.0	0.05
0.05833333333333333	0.025000000000000005
0.05	0.025
0.025	0.0
0.025	0.0125
0.029166666666666664	0.016666666666666666
0.03125	0.0
0.025	0.0
0.0	0.0
0.0	0.0
0.07125000000000001	0.01125
0	0
0.018750000000000003	0.00625
0	0
0	0
0	0
0.037500000000000006	0.0125
0.0	0.2833333333333334
0.15	0.025
0.025	0.0125
0	0
0	0
0.025	0.00625
0.025	0.0
0.05	0.025
0.05	0.025
0.0	0.0
0.05625	0.0375
0	0
0.04625	0.00625
0	0
0.016666666666666666	0.008333333333333333
0.045625	0.05
0.04583333333333333	0.004166666666666667
0.0	0.0
0.05	0.025
0.05	0.025
0.0	0.0
0.05	0.025
0.05	0.025
0.05	0.0
0.25	0.125
0.0	0.0
0.008333333333333333	0.0
0.075	0.075
0.016666666666666666	0.008333333333333333
0	0
0.0625	0.03125
0.0	0.0
0.049999999999999996	0.08333333333333333
0	0
0.041666666666666664	0.0
0.016666666666666666	0.0
0.05	0.015909090909090907
0.041666666666666664	0.11666666666666665
0	0
0	0
0	0
0	0
0	0
0	0
0.03333333333333333	0.008333333333333333
0.03333333333333333	0.008333333333333333
0.10000000000000002	0.041666666666666664
0.024999999999999998	0.041666666666666664
0.0125	0.0
0.0	0.0
0.06666666666666667	0.0
0.04285714285714286	0.059821428571428574
0.0	0.0
0.0	0.0
0	0
0.05	0.025
0.0	0.0
0.0375	0.00625
0.0035714285714285718	0.0
0.0	0.025
0.025	0.0
0.025	0.0
0.0	0.0
0.065	0.01
0.016666666666666666	0.008333333333333333
0.0625	0.1875
0.125	0.0625
0.037500000000000006	0.0
0.04375	0.0125
0.025	0.0125
0.04375	0.0125
0.041666666666666664	0.02708333333333333
0.0625	0.5625
0	0
0	0
0.041666666666666664	0.016666666666666666
0.015000000000000003	0.01
0.049999999999999996	0.0125
0.025	0.0125
0.00625	0.08125
0.014583333333333335	0.014583333333333332
0.0	0.0
0	0
0.00625	0.0
0.0125	0.0
0.029166666666666664	0.0
0.0125	0.01875
0.008333333333333333	0.024999999999999998
0.0	0.1
0	0
0.10833333333333334	0.024999999999999998
0	0
0.0125	0.0
0	0
0	0
0	0
0.02	0.01
0	0
0.0	0.0
0	0
0	0
0	0
0.0	0.0
0.03928571428571429	0.03571428571428571
0	0
0.045000000000000005	0.016666666666666666
0.075	0.025
0.016666666666666666	0.008333333333333333
0.05	0.0125
0	0
0.056249999999999994	0.003125
0.056249999999999994	0.04375
0	0
0	0
0	0
0.029166666666666664	0.004166666666666667
0.03333333333333333	0.008333333333333333
0	0
0	0
0.0	0.0
0.025	0.0125
0.0	0.0
0	0
0	0
0.041666666666666664	0.008333333333333333
0.05	0.025
0	0
0.0	0.0
0.029166666666666664	0.004166666666666667
0.0125	0.0
0	0
0	0
0.0875	0.0
0	0
0.025	0.005
0.0	0.0
0	0
0.0	0.0
0.0	0.0
0.025	0.0
0	0
0	0
0.15	0.2
0.03333333333333333	0.025000000000000005
0.016666666666666666	0.024999999999999998
0.03888888888888889	0.011111111111111112
0.025	0.10625000000000001
0.041666666666666664	0.008333333333333333
0.0	0.0
0	0
0	0
0	0
0.075	0.0
0.078125	0.0625
0.041666666666666664	0.016666666666666666
0.0	0.0
0	0
0	0
0.06874999999999999	0.03125
0.103125	0.059375
0.03	0.005
0.0	0.0
0.0	0.0
0.039999999999999994	0.0
0	0
0.020833333333333332	0.004166666666666667
0.030208333333333334	0.053125000000000006
0.05	0.025
0.07500000000000001	0.0
0.025	0.0
0.0125	0.0
0	0
0.0	0.0
0.0	0.0
0.0	0.0
0.0	0.0
0	0
0	0
0.037500000000000006	0.0
0.021428571428571432	0.017857142857142856
0.034722222222222224	0.012499999999999999
0.10208333333333333	0.0
0.0125	0.0
0.0625	0.0375
0	0
0.025	0.025
0	0
0.0	0.0
0.05	0.05
0.044444444444444446	0.008333333333333333
0.0	0.0625
0.025	0.0125
0.03333333333333333	0.00625
0.05	0.025
0.03125	0.00625
0.1	0.0
0	0
0.025	0.075
0.016666666666666666	0.0
0.05	0.025
0.05	0.025
0.040625	0.0609375
0.035	0.01
0.0	0.0375
0.275	0.0
0.275	0.0
0.0	0.0
0.05	0.025
0.037500000000000006	0.0125
0.0	0.0
0.05	0.025
0.049999999999999996	0.0125
0.024999999999999998	0.008333333333333333
0.025	0.0
0.024999999999999998	0.0
0.025	0.0
0	0
0	0
0.0	0.0
0	0
0.0125	0.0
0.041666666666666664	0.016666666666666666
0.0	0.0
0.041666666666666664	0.0
0.0	0.125
0.025	0.0125
0.016666666666666666	0.024999999999999998
0.1	0.1125
0.008333333333333333	0.041666666666666664
0	0
0.025	0.0125
0.008333333333333333	0.0
0	0
0.0625	0.0125
0.0875	0.0
0.03125	0.0
0.025	0.0375
0.0	0.0
0.0	0.05
0.046875	0.021875
0	0
0.0	0.0
0.016666666666666666	0.008333333333333333
0.0	0.0
0.025	0.009090909090909092
0.025	0.0125
0.0	0.0
0.0638888888888889	0.008333333333333335
0.125	0.05
0.025	0.0125
0.0	0.0
0.0	0.0
0.025	0.0
0.05	0.025
0.025	0.0
0	0
0.037500000000000006	0.0
0	0
0	0
0.1375	0.0625
0.0125	0.0
0.037500000000000006	0.0
0	0
0.0125	0.0
0.07500000000000001	0.016666666666666666
0.07083333333333333	0.008333333333333333
0.15	0.0
0.025	0.0125
0	0
0.05	0.025
0.05	0.025
0.0875	0.1375
0.037500000000000006	0.025
0	0
0	0
0.03333333333333333	0.049999999999999996
0	0
0	0
0	0
0.025	0.075
0.475	0.05
0.0	0.0
0	0
0.05	0.0375
0.0	0.0
0.05	0.025
0.09791666666666665	0.05
0	0
0	0
0	0
0	0
0.025	0.00625
0.03333333333333333	0.0
0.025	0.0
0.05	0.025
0.28125	0.03125
0.05	0.025
0.09375	0.0
0.075	0.008333333333333333
0.03333333333333333	0.025000000000000005
0.05	0.025
0.1416666666666667	0.041666666666666664
0.08333333333333333	0.049999999999999996
0.05833333333333333	0.008333333333333333
0.0	0.0
0	0
0.03611111111111112	0.0638888888888889
0	0
0.05	0.025
0	0
0	0
0	0
0.12708333333333333	0.027083333333333334
0.125	0.0625
0.0875	0.0
0.15	0.0
0.075	0.0
0.075	0.0
0	0
0.0875	0.0
0.15	0.0
0.15	0.0
0.012500000000000002	0.012500000000000002
0.025	0.025
0.037500000000000006	0.025
0.05	0.025
0.0875	0.0
0.0875	0.0
0.0875	0.0
0.15	0.0
0.0	0.0
0	0
0.025	0.0
0.0	0.0
0	0
0.07	0.03
0.0	0.0
0.075	0.0
0.025000000000000005	0.008333333333333333
0.0	0.0
0.0	0.0
0.041666666666666664	0.075
0.0125	0.0
0	0
0.0625	0.0
0.008333333333333333	0.0
0	0
0	0
0	0
0.025	0.0
0	0
0	0
0.1	0.0125
0.03333333333333333	0.008333333333333333
0	0
0.0	0.225
0.05	0.1
0.09375000000000001	0.03906250000000001
0.125	0.0
0	0
0	0
0	0
0	0
0.0	0.0
0.23750000000000002	0.0
0	0
0.025	0.075
0.03333333333333333	0.03333333333333333
0.1	0.1
0.008333333333333333	0.0
0	0
0.02857142857142857	0.02142857142857143
0.05	0.025
0.1375	0.0
0.025	0.0
0.0375	0.03125
0	0
0.0	0.0
0.0	0.0
0.03	0.0
0.0125	0.0
0.016666666666666666	0.024999999999999998
0.05714285714285715	0.014285714285714285
0.07500000000000001	0.00625
0.018750000000000003	0.00625
0.025	0.0
0.01	0.0
0.015000000000000003	0.0
0.0	0.0
0.025	0.0
0.025000000000000005	0.0
0	0
0.008333333333333333	0.0
0.03333333333333333	0.041666666666666664
0.016666666666666666	0.0
0.025	0.0125
0.022222222222222223	0.052777777777777785
0.0625	0.0125
0.025	0.0
0	0
0	0
0.025	0.0
0.065625	0.01875
0.1	0.0125
0.025	0.0
0.016666666666666666	0.0
0.0875	0.0
0	0
0	0
0.0	0.0
0	0
0.02	0.025
0.049999999999999996	0.0
0.0125	0.0375
0.0	0.0
0.21250000000000002	0.025
0.0	0.0
0	0
0.15	0.0
0.075	0.15
0.06666666666666667	0.0
0.025	0.10625000000000001
0	0
0.11666666666666668	0.0
0.0	0.0
0	0
0.049999999999999996	0.0
0.0	0.0
0.024999999999999998	0.0
0.025	0.0
0.075	0.0
0.05	0.025
0.025	0.0125
0	0
0.05	0.025
0.056249999999999994	0.0
0.0	0.0
0.0125	0.0375
0.05	0.025
0.075	0.025
0	0
0	0
0	0
0	0
0	0
0.025	0.0125
0.034374999999999996	0.020833333333333332
0	0
0	0
0	0
0	0
0	0
0.0	0.0
0.0	0.0
0.03125	0.00625
0	0
0.05	0.025
0.025	0.1
0.025	0.0125
0.025	0.0
0.041666666666666664	0.008333333333333333
0	0
0.275	0.0
0.0	0.0
0	0
0.02	0.01
0.03333333333333333	0.008333333333333333
0.0	0.0
0	0
0.0625	0.0125
0	0
0	0
0.0625	0.03333333333333333
0.075	0.05
0.0625	0.0625
0.028571428571428574	0.014285714285714287
0.0	0.0
0.0	0.0
0.2375	0.025
0	0
0.02727272727272727	0.009090909090909092
0.0	0.0
0.0	0.0
0.0	0.0
0.08000000000000002	0.065
0.03125	0.0125
0.008333333333333333	0.0
0.037500000000000006	0.0125
0.029166666666666664	0.012500000000000002
0.0	0.0375
0.1	0.025
0.025	0.0
0.09375	0.01875
0	0
0.1	0.0
0.0	0.0
0.0	0.0
0.03125	0.03333333333333334
0.05	0.025
0.25	0.125
0.0625	0.0125
0	0
0	0
0	0
0	0
0.025	0.00625
0.016666666666666666	0.0
0.0	0.0
0.04791666666666666	0.018750000000000003
0.011111111111111112	0.002777777777777778
0.0	0.0
0.05	0.025
0.04375	0.00625
0	0
0.025000000000000005	0.03333333333333333
0.05	0.0875
0.0	0.1
0.0	0.0
0.05000000000000001	0.016666666666666666
0	0
0.0375	0.03333333333333333
0.018750000000000003	0.00625
0.0	0.025
0.025000000000000005	0.03333333333333333
0.125	0.5625
0	0
0.025	0.0125
0.02954545454545454	0.011363636363636364
0.041666666666666664	0.0
0.0	0.0
0.06875	0.08750000000000001
0	0
0.05	0.0
0.0125	0.0
0.05	0.025
0.034375	0.00625
0.025	0.025
0	0
0.05	0.025
0.0	0.0
0	0
0.0125	0.0
0.0125	0.0375
0.0	0.0
0.09999999999999999	0.0071428571428571435
0.05	0.025
0	0
0.03125	0.0
0.06666666666666667	0.0
0.034375	0.021875
0.037500000000000006	0.0125
0.025	0.0375
0.06041666666666667	0.0
0.0	0.0
0.025	0.0
0.15	0.0
0.05000000000000001	0.016666666666666666
0.05	0.025
0	0
0.016666666666666666	0.13333333333333333
0.020454545454545454	0.002272727272727273
0.012500000000000002	0.004166666666666667
0.015000000000000003	0.005
0	0
0.15	0.25
0.049999999999999996	0.008333333333333333
0.03125	0.003125
0.0	0.025
0.0	0.0
0	0
0	0
0	0
0.015625	0.053125000000000006
0	0
0	0
0	0
0.025	0.0125
0.0125	0.0
0.0	0.0
0	0
0	0
0.05	0.0
0.025000000000000005	0.024999999999999998
0	0
0	0
0.05703125	0.02890625
0.037500000000000006	0.0
0.0	0.325
0.0	0.0
0.057499999999999996	0.05500000000000001
0.025	0.0
0.025000000000000005	0.008333333333333333
0.05833333333333333	0.024999999999999998
0.05	0.0
0.03125	0.00625
0.026562500000000003	0.0546875
0.0	0.0
0.04791666666666666	0.05208333333333333
0.05	0.025
0	0
0	0
0.041666666666666664	0.03333333333333333
0.0	0.0
0.0125	0.0
0.0	0.0
0.039999999999999994	0.065
0	0
0.03333333333333333	0.025000000000000005
0.0	0.0
0.041666666666666664	0.024999999999999998
0.075	0.01
0	0
0.05	0.025
0.05	0.025
0.05	0.05
0.025000000000000005	0.0
0.0	0.0
0.03611111111111112	0.061111111111111116
0.0	0.0
0.0	0.0
0	0
0	0
0	0
0.1	0.05
0.0125	0.0
0.125	0.0625
0.0625	0.0
0	0
0	0
0.05	0.0
0	0
0.0125	0.0
0.025	0.0125
0.0375	0.08333333333333333
0	0
0.0	0.0
0.0125	0.025
0	0
0.0	0.0
0.05	0.025
0.28125	0.03125
0	0
0.075	0.0
0	0
0.052500000000000005	0.1275
0.075	0.05
0.05	0.025
0	0
0.0375	0.19583333333333333
0.12	0.04
0.10500000000000001	0.0
0.027777777777777776	0.005555555555555556
0.06071428571428572	0.024999999999999998
0.08333333333333333	0.0
0.025	0.0125
0.06666666666666667	0.008333333333333333
0.0125	0.0
0.11249999999999999	0.0
0.0	0.0
0.05	0.025
0.025	0.0
0.05	0.025
0	0
0	0
0.05	0.025
0.05	0.075
0.05	0.025
0.05000000000000001	0.008333333333333333
0.09821428571428571	0.06696428571428571
0.018750000000000003	0.04375
0	0
0.05	0.025
0.08333333333333333	0.008333333333333333
0.0	0.0
0.0	0.0
0	0
0.025	0.0125
0	0
0	0
0.025	0.020833333333333332
0.043750000000000004	0.00625
0.05	0.0125
0	0
0.0875	0.0
0.06666666666666667	0.0
0.025	0.0
0.09166666666666667	0.075
0.0	0.0
0.0	0.0
0.0	0.0
0.04375	0.03125
0.025	0.0
0	0
0.05833333333333333	0.041666666666666664
0.0	0.03125
0	0
0.025	0.0
0.041666666666666664	0.041666666666666664
0.03973214285714287	0.03169642857142858
0.05	0.00625
0.03333333333333333	0.008333333333333333
0.0	0.0
0.0	0.0
0.00625	0.0
0.025	0.0
0.0	0.0
0.025	0.0
0	0
0	0
0	0
0.05	0.075
0	0
0	0
0.025	0.0125
0.0	0.0
0.10000000000000002	0.041666666666666664
0.05833333333333333	0.0
0.049999999999999996	0.0
0.025	0.0
0.0	0.025
0.0375	0.0625
0.0	0.0
0.045	0.05
0.025	0.0
0.05	0.0
0.02	0.01
0	0
0.025	0.0
0	0
0.1375	0.0625
0.025	0.0
0.039999999999999994	0.0
0.09000000000000001	0.085
0.05	0.2
0.041666666666666664	0.13333333333333333
0.03214285714285714	0.0
0.05	0.025
0.075	0.0125
0.05	0.025
0	0
0.0	0.0
0.037500000000000006	0.0125
0.075	0.0125
0.025	0.0125
0.05833333333333333	0.03333333333333333
0.05357142857142857	0.017857142857142856
0.025	0.0125
0.1375	0.0625
0.025	0.0
0.025	0.0
0.04375	0.00625
0.01	0.0
0.05	0.025
0.025	0.00625
0	0
0.0	0.0
0	0
0.0	0.0
0	0
0	0
0	0
0.0	0.0
0.0375	0.07083333333333333
0.05	0.02333333333333333
0	0
0.13333333333333333	0.06833333333333333
0.0375	0.0625
0.0	0.05
0.0	0.0
0.056249999999999994	0.018750000000000003
0.0	0.0
0.0	0.0
0.0125	0.0
0.04375	0.0
0.008333333333333333	0.0
0.008333333333333333	0.0
0	0
0.04375	0.056249999999999994
0.01875	0.00625
0.008333333333333333	0.0
0.01	0.01
0.0	0.0
0.0	0.0
0	0
0.0	0.0
0	0
0.05	0.025
0.025	0.0375
0.05	0.025
0.024999999999999998	0.016666666666666666
0.0125	0.0375
0.09166666666666667	0.016666666666666666
0.014285714285714287	0.0
0.06874999999999999	0.08125
0.0	0.0
0.0	0.008333333333333333
0.125	0.0
0.056249999999999994	0.0125
0	0
0.025000000000000005	0.012500000000000002
0.027083333333333334	0.035416666666666666
0.025	0.0
0.039999999999999994	0.005
0.05	0.025
0	0
0.0	0.0
0.0	0.0
0	0
0.0	0.0
0.05	0.045
0.05	0.025
0.03333333333333333	0.008333333333333333
0.0	0.0
0.016666666666666666	0.024999999999999998
0.0	0.0
0	0
0.0125	0.0
0.0	0.0
0	0
0.03333333333333333	0.008333333333333333
0.05357142857142857	0.06785714285714287
0.053125	0.028124999999999997
0.025	0.0
0	0
0	0
0.0625	0.0375
0.0	0.0
0.025000000000000005	0.0
0	0
0.037500000000000006	0.0
0	0
0.125	0.0
0.025	0.0
0.025000000000000005	0.0
0.00625	0.0
0	0
0	0
0.037500000000000006	0.018750000000000003
0.0	0.125
0.03333333333333333	0.016666666666666666
0.03214285714285714	0.03214285714285714
0.0875	0.1
0.08	0.025
0.10416666666666667	0.020833333333333332
0	0
0	0
0.025	0.0125
0.0625	0.0
0.0	0.0
0.02727272727272728	0.015909090909090907
0.0	0.0
0.06785714285714287	0.010714285714285716
0.014285714285714287	0.0035714285714285718
0.025	0.0
0	0
0	0
0.025	0.0
0.05	0.4
0.025	0.0125
0.025	0.0
0.075	0.025
0.03	0.0
0.06750000000000002	0.026250000000000002
0.030000000000000006	0.01
0	0
0.05	0.025
0.05	0.025
0.0375	0.07500000000000001
0.0	0.0
0	0
0.025	0.075
0.0	0.0
0.008333333333333333	0.0
0.034999999999999996	0.03
0.024999999999999998	0.013888888888888888
0.01	0.08
0.1125	0.00625
0	0
0.016666666666666666	0.03333333333333333
0.025000000000000005	0.0
0	0
0	0
0	0
0	0
0.025	0.0625
0.05	0.025
0.025	0.00625
0.045	0.01
0.125	0.0
0.0875	0.0
0.0	0.0
0.0	0.0
0.0325	0.005
0.03125	0.03125
0.075	0.045
0.04375000000000001	0.015625
0.025	0.0125
0.03333333333333333	0.008333333333333333
0.06785714285714285	0.024999999999999998
0.036111111111111115	0.002777777777777778
0.095	0.085
0.05	0.0125
0.0125	0.0125
0.06517857142857143	0.013392857142857142
0.05	0.0
0	0
0.08854166666666667	0.021875000000000002
0.07045454545454545	0.013636363636363636
0.0	0.0
0	0
0	0
0.075	0.0125
0.05	0.025
0.075	0.05500000000000001
0.0	0.0
0	0
0	0
0.0	0.0
0.075	0.065
0.0125	0.0
0.05750000000000001	0.0425
0.02142857142857143	0.017857142857142856
0.0	0.15
0	0
0.025	0.0125
0	0
0.025	0.0
0	0
0	0
0.025	0.0
0	0
0.0225	0.005
0.025	0.00625
0.025000000000000005	0.016666666666666666
0.0	0.0
0.08125	0.0375
0	0
0.0	0.1125
0.0	0.0
0.025000000000000005	0.15
0.0125	0.0
0.008333333333333333	0.0
0.016666666666666666	0.03333333333333333
0	0
0.00625	0.0
0	0
0.041666666666666664	0.0
0	0
0	0
0.025	0.0
0	0
0.037500000000000006	0.0125
0.0875	0.125
0.049999999999999996	0.03333333333333333
0	0
0.025	0.0
0.045	0.02
0	0
0.0	0.0
0.0	0.175
0.0	0.0
0.032499999999999994	0.0025
0	0
0.0	0.0
0.0	0.0
0.025	0.0
0.0125	0.0
0	0
0.008333333333333333	0.0
0.030000000000000006	0.01
0.01730769230769231	0.0038461538461538464
0.0	0.0
0.0125	0.0
0	0
0.025	0.0
0.0	0.025
0.0	0.0
0.0	0.0
0.05	0.0
0	0
0.0	0.0
0.075	0.05
0.1875	0.018750000000000003
0.016666666666666666	0.03333333333333333
0.025	0.018750000000000003
0.0125	0.018750000000000003
0.025	0.0125
0	0
0.05	0.025
0.0	0.0
0.05	0.025
0.0	0.0
0.05	0.025
0.0	0.0
0	0
0	0
0.0125	0.0
0.017499999999999998	0.0375
0.05	0.0125
0	0
0.04270833333333333	0.012500000000000002
0.0125	0.0
0.05	0.025
0.0	0.0
0.0375	0.043750000000000004
0.0	0.0
0.07361111111111111	0.004166666666666667
0	0
0.03333333333333333	0.0
0.0	0.0
0.0	0.15833333333333333
0	0
0.0625	0.0
0.08333333333333333	0.008333333333333333
0	0
0	0
0	0
0	0
0	0
0.05	0.05
0.025	0.0
0	0
0	0
0	0
0	0
0	0
0.041666666666666664	0.13333333333333333
0.01875	0.043750000000000004
0.025	0.0
0.045	0.052500000000000005
0.0	0.0
0.01	0.005
0.052500000000000005	0.016249999999999997
0.017499999999999998	0.034999999999999996
0.15	0.008333333333333333
0.0125	0.0
0.075	0.0
0.075	0.0
0.0	0.0
0.0	0.0
0.0	0.0
0.0	0.025
0.0125	0.05
0	0
0	0
0.09166666666666667	0.041666666666666664
0.05104166666666667	0.008333333333333333
0	0
0.0	0.0
0.025000000000000005	0.03333333333333333
0.037500000000000006	0.2
0.046875	0.0
0	0
0.05833333333333333	0.06666666666666667
0	0
0.06785714285714285	0.03214285714285715
0.027083333333333334	0.043750000000000004
0.012500000000000002	0.03333333333333333
0.05	0.025
0.037500000000000006	0.0
0.05	0.0
0.003125	0.0
0.04	0.005
0	0
0.03214285714285715	0.075
0.008333333333333333	0.0
0	0
0	0
0	0
0.0	0.0
0.0	0.0
0.016666666666666666	0.0
0.05	0.025
0	0
0	0
0.0	0.025
0.0	0.0
0	0
0.0	0.0
0.05	0.015000000000000003
0.08499999999999999	0.04
0.075	0.0
0.0825	0.015
0.049999999999999996	0.0
0.06625	0.01125
0.008333333333333333	0.004166666666666667
0.125	0.05
0.09166666666666667	0.008333333333333333
0.0	0.0
0.0	0.0
0.008333333333333333	0.03333333333333333
0.275	0.0
0	0
0.0375	0.04062500000000001
0.018750000000000003	0.0
0.0	0.0
0.075	0.125
0.024999999999999998	0.004545454545454546
0.10625000000000001	0.03125
0	0
0	0
0.0	0.0125
0.275	0.0
0.0	0.0
0.0	0.0
0.05833333333333333	0.0
0.0	0.0
0	0
0.05	0.0125
0	0
0.03125	0.0625
0.14166666666666666	0.025000000000000005
0.018750000000000003	0.0125
0	0
0.1	0.0125
0	0
0.01	0.01
0.0125	0.0125
0.05	0.025
0.05833333333333334	0.13333333333333333
0	0
0.029166666666666664	0.029166666666666664
0.008333333333333333	0.0
0.05	0.05
0.0	0.05
0.018750000000000003	0.0
0.085	0.025
0	0
0.0	0.0625
0.16249999999999998	0.05
0.018750000000000003	0.0125
0	0
0.325	0.0
0.1625	0.0
0.05	0.4
0.025	0.0
0.0	0.0
0.03	0.02
0.325	0.0
0.04	0.1
0.2	0.0
0.025	0.0
0.05250000000000001	0.0075000000000000015
0.025	0.00625
0.05	0.025
0	0
0.037500000000000006	0.0
0	0
0.0	0.0
0.052500000000000005	0.0
0.0	0.0
0.08125	0.125
0.03571428571428571	0.0035714285714285718
0.0	0.0
0.15	0.10833333333333334
0.040625	0.040625
0.0	0.0
0.04687500000000001	0.009375
0.025	0.0
0	0
0.05	0.025
0	0
0.05	0.025
0.05	0.075
0.037500000000000006	0.2
0	0
0	0
0.04375	0.0515625
0	0
0.025	0.0
0.07500000000000001	0.0875
0.0	0.0
0.0	0.0
0	0
0	0
0.0	0.0
0.015000000000000003	0.0
0.020833333333333332	0.2125
0.0875	0.0125
0.0	0.0
0.0	0.0
0.05416666666666666	0.016666666666666666
0.0	0.0
0.03333333333333333	0.041666666666666664
0.025	0.0
0	0
0.0	0.0
0	0
0.02	0.01
0.075	0.125
0.125	0.03125
0	0
0.016666666666666666	0.008333333333333333
0.0	0.0
0.025	0.0125
0	0
0.05	0.025
0.05	0.075
0.05	0.025
0.05	0.025
0.04545454545454545	0.009090909090909092
0.0625	0.00625
0.004166666666666667	0.012500000000000002
0.0	0.0
0	0
0.05	0.025
0.021875	0.003125
0.07541666666666666	0.0125
0.015000000000000003	0.06
0.06666666666666667	0.0
0.03333333333333333	0.008333333333333333
0	0
0.06666666666666667	0.06041666666666667
0.008333333333333333	0.0
0.043750000000000004	0.0125
0.04107142857142858	0.008928571428571428
0.05	0.025
0.025000000000000005	0.016666666666666666
0	0
0	0
0	0
0.075	0.0
0.05	0.025
0	0
0	0
0.11875000000000001	0.06875
0.0	0.0
0.0125	0.0
0.03333333333333333	0.0
0.03333333333333333	0.0
0.06999999999999999	0.01
0.045	0.02
0	0
0	0
0.05625	0.09375
0.03214285714285715	0.0
0.02	0.0
0.0375	0.015625
0	0
0.05	0.0125
0.0	0.0
0.09999999999999999	0.041666666666666664
0.0	0.0
0.0	0.0
0.025	0.0
0	0
0.0	0.0
0.016666666666666666	0.0
0	0
0	0
0.028125	0.003125
0.065625	0.025
0.07708333333333334	0.052083333333333336
0.0125	0.0
0.015000000000000003	0.005
0.005	0.025
0.008333333333333333	0.0
0.034375	0.0125
0.0	0.0
0.037500000000000006	0.018750000000000003
0.04375	0.00625
0.0	0.0
0.037500000000000006	0.0125
0.01	0.0
0.008333333333333333	0.10833333333333334
0.0175	0.027500000000000004
0.037500000000000006	0.0125
0.0	0.0
0.0	0.0
0.0375	0.0
0	0
0.0	0.0
0.03125	0.0
0.03125	0.03125
0	0
0.0	0.0
0.0	0.0
0	0
0	0
0.0	0.0
0.0	0.0
0	0
0.05	0.025
0.05625	0.0
0	0
0.05	0.025
0	0
0.0	0.0
0	0
0	0
0	0
0.025	0.005
0.075	0.0
0.08499999999999999	0.06
0.0125	0.0
0.07500000000000001	0.2
0.016666666666666666	0.10000000000000002
0.03333333333333333	0.020833333333333332
0.05000000000000001	0.016666666666666666
0.0703125	0.0078125
0.10500000000000001	0.05
0.0	0.0
0	0
0.025	0.0
0.008333333333333333	0.0
0.0125	0.0
0	0
0	0
0.0	0.0
0.23750000000000002	0.0
0.016666666666666666	0.0
0.008333333333333333	0.004166666666666667
0	0
0.025	0.35
0.0	0.0
0	0
0	0
0	0
0.012500000000000002	0.06666666666666667
0.025	0.0
0	0
0.05	0.025
0.0	0.0
0.05	0.025
0.0	0.0
0.008333333333333333	0.0
0	0
0	0
0.0125	0.0
0	0
0.05	0.07500000000000001
0	0
0.008333333333333333	0.0
0.025000000000000005	0.008333333333333333
0	0
0.06666666666666667	0.06666666666666667
0.15	0.0
0	0
0.0375	0.0
0.025	0.0125
0.0	0.0
0.05	0.025
0.021875	0.00625
0.037500000000000006	0.018750000000000003
0.025	0.0375
0.125	0.07083333333333333
0.05	0.025
0.025000000000000005	0.0
0	0
0.05833333333333333	0.016666666666666666
0.0	0.0
0.0	0.0
0.09	0.03
0.07	0.0
0	0
0.0	0.0
0.020833333333333332	0.004166666666666667
0.07125000000000001	0.07625000000000001
0.03333333333333333	0.049999999999999996
0.125	0.05
0.0	0.0
0.275	0.0
0.025	0.0
0.1	0.0125
0.016666666666666666	0.0
0.02	0.03
0.0	0.0
0.05	0.025
0.043750000000000004	0.0
0.0	0.0
0.008333333333333333	0.0
0.05833333333333333	0.041666666666666664
0.0	0.0
0	0
0	0
0.0	0.0
0	0
0	0
0.0	0.0
0.0625	0.0125
0	0
0.11666666666666668	0.041666666666666664
0.065	0.0225
0.1375	0.0625
0	0
0	0
0.020833333333333332	0.004166666666666667
0.01	0.015
0	0
0	0
0.05	0.025
0.0125	0.0
0.016666666666666666	0.0
0.037500000000000006	0.0125
0	0
0.1375	0.0625
0.025	0.0
0.075	0.03125
0.025	0.0
0	0
0.025000000000000005	0.25
0.0	0.0
0.028333333333333335	0.005
0.0625	0.0
0.19861111111111113	0.027777777777777776
0	0
0.025	0.0
0.05	0.025
0	0
0.025	0.0
0	0
0.0375	0.0
0.27	0.0
0.04375	0.018750000000000003
0.025	0.05
0.0	0.0
0	0
0.08499999999999999	0.034999999999999996
0.0	0.0
0.0125	0.15625
0.04	0.01
0.04285714285714286	0.0071428571428571435
0.04444444444444444	0.02638888888888889
0.17500000000000002	0.0
0.05	0.01
0.018750000000000003	0.00625
0	0
0.0	0.0
0.0	0.0
0	0
0.037500000000000006	0.0
0.0625	0.0
0.0	0.0
0.034999999999999996	0.0125
0.015625	0.0
0.016666666666666666	0.0
0.041666666666666664	0.0
0.07500000000000001	0.0125
0.0625	0.004166666666666667
0.07500000000000001	0.08125
0	0
0.10500000000000001	0.039999999999999994
0.016666666666666666	0.0
0.05	0.025
0.05	0.025
0	0
0.025	0.1
0.05	0.0
0	0
0.025000000000000005	0.13333333333333333
0.02	0.01
0.15	0.0
0.0125	0.00625
0.04074074074074074	0.008333333333333335
0.05446428571428571	0.011607142857142858
0.00625	0.0
0.025	0.0
0	0
0.09166666666666667	0.075
0.0	0.0
0	0
0.15	0.0
0.041666666666666664	0.03333333333333333
0.0	0.0
0.08214285714285714	0.0071428571428571435
0.08333333333333333	0.041666666666666664
0	0
0	0
0	0
0.05	0.025
0	0
0.04895833333333333	0.036458333333333336
0.04722222222222223	0.019444444444444445
0.039999999999999994	0.0
0.016666666666666666	0.0
0.0	0.0
0	0
0.0	0.0125
0	0
0.056249999999999994	0.05625
0.10833333333333334	0.041666666666666664
0	0
0.05	0.025
0.075	0.0
0.0	0.025
0	0
0.0625	0.125
0.07500000000000002	0.010714285714285716
0.0	0.125
0.08333333333333333	0.024999999999999998
0.037500000000000006	0.0
0.0375	0.1
0.05555555555555555	0.075
0	0
0.025	0.0
0.05000000000000001	0.016666666666666666
0.05	0.025
0.05	0.0
0	0
0.0125	0.0
0.05	0.025
0.03333333333333333	0.0
0.0	0.0
0.0	0.0
0	0
0.008333333333333333	0.0
0.05	0.075
0.05833333333333333	0.024999999999999998
0.0	0.0
0.0	0.0
0.0125	0.025
0.0375	0.0
0.025	0.0
0.09166666666666667	0.0
0.06944444444444446	0.030555555555555558
0.04	0.03
0.05885416666666667	0.027604166666666666
0.024999999999999998	0.008333333333333333
0.016666666666666666	0.008333333333333333
0.075	0.09166666666666667
0.0875	0.0375
0	0
0	0
0.025	0.0125
0.0	0.0
0.0	0.0
0.0	0.0
0.045	0.005
0.045	0.030000000000000006
0.05	0.003125
0.037500000000000006	0.0125
0.037500000000000006	0.0125
0.025	0.0125
0.025	0.0
0.008333333333333333	0.0
0.037500000000000006	0.00625
0.0	0.025
0.0	0.0
0.05833333333333333	0.0
0.025000000000000005	0.008333333333333333
0	0
0.0125	0.0
0.049999999999999996	0.041666666666666664
0.05	0.0035714285714285718
0.025	0.0125
0.015000000000000003	0.02
0.0	0.0
0.018750000000000003	0.018750000000000003
0.03333333333333333	0.016666666666666666
0.10833333333333334	0.0
0	0
0	0
0.0	0.0
0.125	0.025
0.0125	0.0
0.0	0.0
0.05500000000000001	0.01
0.025	0.0
0.01	0.015000000000000003
0.20833333333333334	0.0
0.025	0.0
0	0
0.0375	0.0
0.025	0.0
0.04583333333333334	0.0
0.008333333333333333	0.0
0	0
0.02	0.04666666666666667
0.0375	0.005
0	0
0.041666666666666664	0.0
0	0
0.0	0.0
0.025	0.0
0	0
0.05	0.025
0.03333333333333333	0.016666666666666666
0.0375	0.012499999999999999
0	0
0.0125	0.0
0.06875	0.0125
0.03125	0.09375
0	0
0.0	0.0
0.03888888888888889	0.011111111111111112
0.016666666666666666	0.0
0.021428571428571432	0.0
0	0
0.0724264705882353	0.016544117647058824
0.041666666666666664	0.125
0.0625	0.025
0.0875	0.17250000000000001
0.1	0.05
0.0875	0.1
0	0
0.05	0.025
0.051041666666666666	0.0125
0.025	0.0125
0.0125	0.0
0	0
0	0
0.0125	0.0
0.04166666666666667	0.01666666666666667
0.0	0.0
0.0	0.00625
0.0	0.0
0.0	0.0
0.0	0.0
0.0125	0.0
0.0	0.0
0	0
0.025	0.0
0.03333333333333333	0.05000000000000001
0.0	0.0
0.0	0.0
0.017857142857142856	0.0035714285714285718
0.0	0.0
0.00625	0.0
0.0	0.0
0	0
0	0
0.0	0.0
0.020833333333333332	0.07916666666666666
0	0
0.016666666666666666	0.17500000000000002
0	0
0	0
0.05	0.00625
0.025	0.0
0.019444444444444445	0.011111111111111112
0	0
0	0
0.05	0.025
0.0	0.0
0.0125	0.0
0.025	0.0125
0.05	0.125
0.15	0.0
0.0	0.0
0	0
0.325	0.0
0.025	0.0125
0.016666666666666666	0.0
0	0
0.025	0.0125
0.03125	0.09375
0.0125	0.0
0.0	0.0
0.037500000000000006	0.0125
0.0	0.0
0.008333333333333333	0.0
0	0
0	0
0.05	0.025
0.0	0.005
0.05	0.0
0.0	0.0
0.08333333333333333	0.075
0	0
0	0
0.07500000000000001	0.0125
0.03125	0.0625
0.037500000000000006	0.0
0.06666666666666667	0.008333333333333333
0.05833333333333334	0.016666666666666666
0.0875	0.0
0	0
0.05	0.025
0.08125	0.00625
0.016666666666666666	0.0
0.030000000000000006	0.01
0	0
0.05416666666666666	0.03333333333333333
0.05	0.025
0.025000000000000005	0.008333333333333333
0.05	0.025
0	0
0.03333333333333333	0.0
0.0	0.0
0	0
0	0
0.0	0.0
0.125	0.0625
0.13125	0.09375
0.0	0.0
0	0
0	0
0.0	0.175
0	0
0.05	0.0125
0	0
0.025	0.0
0	0
0	0
0	0
0.05	0.0
0	0
0.05	0.025
0.0	0.0
0	0
0.15	0.0
0.05	0.075
0.0	0.0
0.041666666666666664	0.016666666666666666
0.056249999999999994	0.0125
0.05	0.025
0.05	0.025
0.05625	0.08125
0.275	0.0
0.0125	0.0
0.05	0.0125
0.10833333333333334	0.06666666666666667
0.03214285714285714	0.0035714285714285718
0.075	0.0625
0.15	0.0
0.0375	0.004166666666666667
0	0
0	0
0	0
0.075	0.0
0	0
0.0	0.0
0.05	0.025
0.05	0.0
0.03125	0.125
0.0	0.0
0	0
0	0
0.0	0.0
0.0125	0.0
0.039999999999999994	0.03625
0.06666666666666667	0.03333333333333333
0.025	0.00625
0.05	0.05
0.0	0.0
0	0
0.025	0.0
0.028125	0.021875
0.03571428571428571	0.0035714285714285718
0.018750000000000003	0.01875
0.05	0.025
0.05	0.025
0	0
0.03333333333333333	0.025000000000000005
0	0
0	0
0	0
0	0
0.125	0.1625
0	0
0.0	0.0
0.06874999999999999	0.025
0	0
0.016666666666666666	0.008333333333333333
0.075	0.016666666666666666
0.0125	0.0
0	0
0	0
0	0
0	0
0.05	0.025
0.045454545454545456	0.02045454545454545
0	0
0.05	0.0
0.0625	0.025
0.05	0.4
0	0
0	0
0	0
0.25	0.125
0.05	0.025
0.037500000000000006	0.0
0	0
0.030000000000000006	0.01
0.01	0.015
0.041666666666666664	0.016666666666666666
0.0	0.0
0.056249999999999994	0.0
0.025	0.02045454545454545
0	0
0.05	0.025
0.03333333333333333	0.016666666666666666
0.025	0.0
0.0	0.0
0.041666666666666664	0.0
0.025	0.0
0	0
0.016666666666666666	0.024999999999999998
0.008333333333333333	0.0
0.0	0.0
0.05	0.025
0	0
0	0
0	0
0	0
0.025	0.0
0	0
0.0	0.0
0	0
0.0	0.0
0	0
0.0	0.08333333333333333
0	0
0	0
0	0
0.041666666666666664	0.016666666666666666
0.025	0.0
0	0
0.025	0.0
0.025	0.0125
0	0
0.05416666666666667	0.024999999999999998
0	0
0.0	0.05
0.04375	0.025
0	0
0	0
0.11666666666666665	0.041666666666666664
0	0
0.075	0.024999999999999998
0.05	0.025
0	0
0.06666666666666667	0.0
0	0
0.07500000000000001	0.0125
0.008333333333333333	0.0
0.025	0.05
0.04375	0.0
0.1	0.0
0.05	0.025
0.11875	0.0125
0.125	0.041666666666666664
0	0
0	0
0.045	0.0
0	0
0.0125	0.0
0.075	0.0
0.049999999999999996	0.0
0.05416666666666667	0.012500000000000002
0.00625	0.0125
0	0
0.0	0.0
0.0	0.0
0.05	0.0
0	0
0.07857142857142858	0.010714285714285716
0	0
0.0	0.025
0	0
0	0
0	0
0.05	0.025
0.041666666666666664	0.016666666666666666
0.008333333333333333	0.0
0.0125	0.0
0.085	0.0
0.04	0.02
0.0	0.0
0.05	0.025
0.0	0.0
0.0375	0.018750000000000003
0	0
0.05	0.025
0.1375	0.0625
0.05	0.025
0.025	0.0
0	0
0.035	0.02
0.10000000000000002	0.05833333333333333
0	0
0.03333333333333333	0.049999999999999996
0.041666666666666664	0.03333333333333333
0.08750000000000001	0.05
0.04444444444444444	0.027777777777777776
0	0
0.05	0.025
0.01875	0.04583333333333334
0.037500000000000006	0.0125
0.025000000000000005	0.03333333333333333
0.05	0.025
0.03333333333333333	0.024999999999999998
0.1	0.075
0	0
0.05416666666666667	0.10208333333333335
0.06000000000000001	0.11500000000000002
0	0
0.016666666666666666	0.0
0.025	0.0
0.0625	0.075
0	0
0.018750000000000003	0.0
0.025	0.0
0	0
0.0	0.0
0	0
0.015000000000000003	0.025
0.0625	0.1
0.04791666666666667	0.041666666666666664
0.05	0.0
0	0
0.0	0.0
0	0
0.041666666666666664	0.004166666666666667
0.025	0.0
0	0
0.11249999999999999	0.0375
0.0875	0.0
0.0	0.0
0.049999999999999996	0.0
0	0
0	0
0.025	0.075
0.071875	0.0625
0.05000000000000001	0.0
0	0
0.0	0.0
0	0
0.05	0.025
0.0875	0.0
0.03125	0.0625
0	0
0	0
0	0
0.06	0.03
0.03854166666666666	0.01875
0.06875	0.0375
0.05	0.025
0	0
0.045	0.07999999999999999
0.037500000000000006	0.025
0.03333333333333333	0.008333333333333333
0	0
0	0
0.1375	0.0625
0	0
0.10833333333333334	0.041666666666666664
0	0
0.017857142857142856	0.010714285714285716
0.05	0.025
0.09166666666666667	0.041666666666666664
0.025	0.0
0.0375	0.004166666666666667
0.325	0.0
0	0
0.021875	0.009375000000000001
0	0
0	0
0	0
0	0
0.0	0.0
0.11428571428571431	0.0071428571428571435
0.0375	0.025
0.05	0.025
0.025	0.0125
0	0
0.05	0.025
0	0
0	0
0.0125	0.0
0.034999999999999996	0.005
0.05625	0.015625
0.04017857142857143	0.008928571428571428
0.025	0.0
0.0	0.0
0.0	0.0
0	0
0.025	0.0125
0	0
0.025	0.0
0	0
0.075	0.2
0	0
0.016666666666666666	0.0
0.10625	0.03125
0.025	0.015
0.018750000000000003	0.01875
0.0	0.0
0.05	0.025
0.075	0.0625
0.17500000000000002	0.0
0	0
0	0
0	0
0	0
0.05	0.025
0.025	0.0375
0	0
0.05	0.0
0.04375	0.0125
0.08214285714285716	0.014285714285714287
0	0
0.037500000000000006	0.0
0	0
0.10833333333333334	0.03333333333333333
0.025	0.2
0.0125	0.0
0	0
0	0
0.024999999999999998	0.024999999999999998
0.030000000000000006	0.015000000000000003
0.025	0.0125
0	0
0.075	0.0
0.095	0.0
0	0
0	0
0	0
0	0
0.05	0.0125
0.1	0.025
0.025	0.015
0.05	0.025
0.09166666666666667	0.075
0.05	0.025
0.0	0.0
0.025	0.0
0	0
0.01875	0.01875
0	0
0.125	0.008333333333333333
0.00625	0.03125
0.045	0.05500000000000001
0.1625	0.0
0.0125	0.0
0.0	0.0
0.0	0.0
0.0	0.0
0.15	0.2
0.1	0.0
0	0
0.0	0.0
0.0	0.0
0.025	0.0
0	0
0.03333333333333333	0.004166666666666667
0	0
0.03125	0.0125
0.05000000000000001	0.16666666666666666
0.016666666666666666	0.16666666666666666
0.05	0.0
0.0	0.0
0	0
0	0
0.016666666666666666	0.0
0.0	0.0
0.0875	0.0
0.0	0.025
0.0	0.0
0	0
0.06666666666666667	0.0
0.05000000000000001	0.0625
0.09999999999999999	0.1875
0	0
0.0125	0.0
0	0
0.0875	0.0
0	0
0	0
0.041666666666666664	0.0
0.05	0.025
0.03333333333333333	0.016666666666666666
0.065	0.025
0	0
0.05	0.025
0.05	0.0
0.039999999999999994	0.0
0.0	0.0
0.025	0.0
0	0
0.025	0.0125
0.025	0.025
0.025	0.1875
0.1	0.0
0.05	0.025
0.0	0.2
0.03333333333333333	0.008333333333333333
0	0
0.03214285714285715	0.049999999999999996
0.03333333333333333	0.016666666666666666
0	0
0.025	0.0
0	0
0.025	0.0
0	0
0.03571428571428571	0.0035714285714285718
0.025	0.0125
0.0	0.0
0.15	0.0
0.05000000000000001	0.016666666666666666
0.13333333333333333	0.041666666666666664
0.0625	0.00625
0.05	0.0
0.0	0.0
0.05	0.025
0.07499999999999998	0.08
0.025	0.01
0.05	0.025
0.075	0.0
0	0
0	0
0.041666666666666664	0.03333333333333333
0.06477272727272729	0.015909090909090907
0.075	0.0
0.0875	0.1
0.0	0.025
0.025	0.0125
0.20833333333333334	0.0
0.075	0.0
0.05	0.025
0	0
0.075	0.0
0.0125	0.0125
0.075	0.0
0	0
0.06666666666666667	0.0
0.025	0.056249999999999994
0	0
0.0	0.0
0.07916666666666668	0.020833333333333332
0.025	0.0125
0.05	0.0
0.037500000000000006	0.0
0.1	0.025
0.03333333333333333	0.0
0	0
0.037500000000000006	0.0125
0.0125	0.0375
0.10833333333333334	0.049999999999999996
0.0	0.0
0	0
0.0	0.05
0.025	0.0
0	0
0	0
0.037500000000000006	0.0
0.05	0.025
0.0	0.0
0	0
0.0	0.05
0.0	0.0
0.05	0.00625
0	0
0.05	0.025
0.1375	0.0625
0.05	0.025
0	0
0.0	0.0125
0.0	0.0125
0.0375	0.0125
0.05	0.025
0.03333333333333334	0.03611111111111112
0	0
0	0
0.10000000000000002	0.041666666666666664
0.1	0.0
0.125	0.0
0.06666666666666667	0.0
0.05	0.025
0	0
0.021428571428571432	0.02142857142857143
0.0	0.0
0.0875	0.06875
0.0	0.05
0	0
0	0
0.025	0.0
0	0
0	0
0	0
0	0
0.030000000000000006	0.045
0	0
0.05	0.025
0.035	0.015000000000000003
0.0125	0.0
0.0	0.0
0.05	0.025
0	0
0	0
0	0
0.025	0.0
0.05	0.025
0.016666666666666666	0.0
0.025	0.0125
0.025	0.0125
0.0	0.0
0.0	0.225
0	0
0.075	0.1
0	0
0.016666666666666666	0.0
0.0	0.025
0.025	0.0125
0	0
0.1265625	0.0140625
0.016666666666666666	0.03333333333333333
0	0
0.04375	0.0
0.0	0.075
0	0
0.0	0.0
0.0	0.025
0	0
0	0
0.025	0.0
0.05	0.025
0.008333333333333333	0.016666666666666666
0	0
0	0
0.0	0.0
0.05833333333333333	0.016666666666666666
0	0
0.028125	0.00625
0.0	0.0
0.018750000000000003	0.0
0.075	0.025
0	0
0.037500000000000006	0.05
0.04375	0.04375
0.03333333333333333	0.008333333333333333
0.04375	0.04375
0.025	0.0
0.0	0.0
0.028571428571428574	0.03214285714285714
0.05833333333333333	0.0
0	0
0	0
0	0
0.0	0.0
0	0
0.025	0.0
0.025000000000000005	0.03333333333333333
0.07083333333333333	0.027777777777777776
0	0
0.06704545454545455	0.011363636363636364
0	0
0.016666666666666666	0.008333333333333333
0	0
0.025	0.0
0	0
0	0
0.03928571428571429	0.02142857142857143
0.0	0.0
0.0	0.0
0	0
0.025	0.0175
0.0	0.0
0.1125	0.10625
0	0
0.049999999999999996	0.016666666666666666
0	0
0.05	0.025
0	0
0	0
0.0	0.0
0.037500000000000006	0.025
0	0
0.0	0.0
0.05	0.0
0.0125	0.0375
0.05	0.025
0.025	0.0
0	0
0	0
0.05	0.025
0	0
0.025	0.0125
0.0	0.0
0.06428571428571428	0.014285714285714287
0	0
0.025	0.0
0.025	0.0
0.025	0.0
0.0125	0.0
0.05833333333333334	0.008333333333333333
0.125	0.0
0.08958333333333335	0.027083333333333334
0.025	0.0
0.018750000000000003	0.025
0	0
0	0
0	0
0.2916666666666667	0.0
0.025000000000000005	0.008333333333333333
0.02	0.08
0.03214285714285715	0.008928571428571428
0.008333333333333333	0.0
0.1015625	0.0515625
0	0
0.0	0.024999999999999998
0.05000000000000001	0.0
0	0
0.045	0.02
0.025	0.0
0	0
0	0
0	0
0	0
0	0
0	0
0.025	0.0125
0	0
0	0
0.0	0.0
0.0	0.0
0.030000000000000006	0.034999999999999996
0.025	0.05500000000000001
0	0
0.025	0.0125
0.025	0.0
0.024999999999999998	0.005
0.05	0.025
0	0
0.0	0.05
0.07222222222222224	0.058333333333333334
0.058333333333333334	0.025
0	0
0.025	0.0
0	0
0.08124999999999999	0.0
0	0
0.05	0.025
0.0125	0.0
0.0	0.15625
0.078125	0.0125
0.0	0.0
0.0	0.0
0	0
0	0
0.05	0.0125
0.1	0.05
0	0
0.0	0.0
0.0	0.025
0	0
0	0
0.05	0.025
0.025	0.0
0.0071428571428571435	0.0035714285714285718
0.025	0.0
0	0
0.0	0.0
0	0
0	0
0.025	0.0
0.05833333333333333	0.008333333333333333
0	0
0	0
0	0
0.07916666666666668	0.041666666666666664
0.0125	0.0
0.05	0.075
0.1625	0.0
0	0
0.0	0.0
0.025	0.014285714285714287
0.04375	0.03125
0	0
0.0	0.0
0	0
0.07999999999999999	0.045
0.05	0.025
0.043750000000000004	0.020833333333333332
0.025	0.025
0.0	0.0
0.0625	0.018750000000000003
0.037500000000000006	0.018750000000000003
0.0875	0.0
0.04375	0.0
0	0
0	0
0	0
0	0
0.325	0.0
0	0
0.09166666666666667	0.03333333333333333
0	0
0.04583333333333333	0.016666666666666666
0.0	0.0
0.030000000000000006	0.035
0.0703125	0.026562500000000003
0.025	0.03125
0.03333333333333333	0.008333333333333333
0	0
0.016666666666666666	0.10833333333333334
0.0375	0.00625
0.05	0.0
0	0
0.0	0.0
0.03333333333333333	0.008333333333333333
0.11249999999999999	0.0625
0.03888888888888889	0.016666666666666666
0.025	0.01875
0.0125	0.0
0	0
0.05	0.025
0.0375	0.0
0	0
0.125	0.0
0.08333333333333333	0.024999999999999998
0	0
0	0
0	0
0.041666666666666664	0.05833333333333333
0	0
0.05	0.0
0.028125	0.03125
0.0	0.0
0.05	0.025
0.025	0.0
0	0
0.0	0.075
0	0
0	0
0.11538461538461539	0.01923076923076923
0.05	0.01875
0	0
0.0125	0.0
0.06875	0.05
0.025000000000000005	0.008333333333333333
0.065625	0.015625
0.0	0.0
0	0
0.025	0.0
0.05	0.0
0.037500000000000006	0.0125
0	0
0.05	0.025
0.1	0.0
0.0	0.0
0.025	0.0
0.025	0.0
0.0875	0.0
0.05	0.025
0.0	0.0
0.045	0.01
0.0875	0.0125
0.6	0.025
0	0
0.008333333333333333	0.0
0.19166666666666665	0.1416666666666667
0.0875	0.0
0.060714285714285714	0.0071428571428571435
0.0	0.0
0.017857142857142856	0.021428571428571432
0	0
0.05	0.025
0.0875	0.00625
0.025	0.0125
0	0
0.016666666666666666	0.025000000000000005
0	0
0	0
0	0
0	0
0	0
0	0
0.0	0.0
0.06458333333333334	0.02291666666666667
0.043750000000000004	0.009375
0.02	0.0
0	0
0	0
0.025	0.075
0	0
0	0
0	0
0.025	0.0
0.05	0.025
0	0
0	0
0	0
0	0
0.05	0.0
0.0	0.0
0.05	0.025
0	0
0.06333333333333334	0.03833333333333334
0	0
0.0125	0.0375
0	0
0.3125	0.1875
0	0
0	0
0	0
0.03333333333333333	0.016666666666666666
0.034999999999999996	0.03
0.025	0.0
0.04444444444444444	0.024999999999999998
0.025000000000000005	0.008333333333333333
0	0
0.0875	0.0125
0	0
0	0
0	0
0	0
0.025	0.0
0.02	0.0
0.0	0.0
0	0
0.0	0.1
0.05	0.025
0.025	0.0
0	0
0.0	0.0
0.06666666666666667	0.016666666666666666
0.025	0.0
0.053125000000000006	0.036458333333333336
0.05000000000000001	0.008333333333333333
0.034722222222222224	0.1486111111111111
0	0
0.0875	0.0
0.0375	0.025
0.075	0.034999999999999996
0.008333333333333333	0.0
0.030000000000000006	0.01
0.0	0.05
0.020833333333333332	0.008333333333333333
0.018750000000000003	0.028125
0.005	0.0
0.025	0.0
0.025	0.075
0.0125	0.0
0.0	0.0
0	0
0.1625	0.0125
0.05	0.0125
0.0	0.0
0.06875	0.03125
0	0
0.05	0.0
0	0
0	0
0	0
0.03333333333333333	0.008333333333333333
0.05	0.025
0.065625	0.01875
0.0	0.0
0	0
0.02	0.025
0	0
0.15	0.0
0.075	0.15
0.016666666666666666	0.008333333333333333
0	0
0.11666666666666668	0.0
0.0	0.0
0.049999999999999996	0.0
0.09166666666666667	0.049999999999999996
0.1875	0.0125
0.15000000000000002	0.1375
0	0
0.09166666666666667	0.041666666666666664
0	0
0.0	0.0
0.025	0.0
0.037500000000000006	0.0
0	0
0.025000000000000005	0.0
0.025	0.0
0	0
0.03333333333333333	0.008333333333333333
0.0875	0.0
0.0	0.0
0.025	0.0
0.018750000000000003	0.1
0	0
0.08125	0.00625
0.016666666666666666	0.008333333333333333
0	0
0	0
0.0	0.0
0.075	0.0
0.08333333333333333	0.016666666666666666
0.0	0.0
0.05	0.05
0.05	0.0
0	0
0.0625	0.025
0.075	0.008333333333333333
0	0
0.04375	0.07500000000000001
0.037500000000000006	0.0
0.08541666666666667	0.0
0.039999999999999994	0.01
0.075	0.06666666666666667
0	0
0.0875	0.01875
0.0	0.0
0	0
0	0
0.0	0.0
0.018750000000000003	0.0
0	0
0	0
0	0
0	0
0.0125	0.0375
0.13125	0.08125
0.025	0.0125
0.039999999999999994	0.015
0.05	0.025
0	0
0	0
0.06499999999999999	0.01
0.0125	0.0
0	0
0.0875	0.0
0	0
0.041666666666666664	0.008333333333333333
0.03571428571428571	0.02142857142857143
0.05	0.0125
0	0
0	0
0.0625	0.025
0.025	0.0
0.025	0.0
0.0	0.0
0	0
0	0
0.0625	0.025
0.0	0.0
0.1	0.0125
0.15	0.0
0	0
0	0
0.0	0.0
0.05	0.025
0	0
0	0
0	0
0.018750000000000003	0.0
0.03888888888888889	0.002777777777777778
0	0
0.125	0.0875
0	0
0	0
0.0	0.0
0.00625	0.0
0	0
0.05	0.025
0.03333333333333333	0.0
0.025	0.0
0.09	0.005
0.0	0.0
0.03333333333333333	0.0
0.025	0.0
0	0
0	0
0.05500000000000001	0.0
0.0	0.0
0.025	0.0
0.04791666666666666	0.0
0.0	0.0
0.05	0.025
0.0125	0.0
0.0375	0.0375
0.008333333333333333	0.0
0.04210526315789474	0.03815789473684211
0	0
0.11666666666666668	0.020833333333333332
0.025	0.0
0.008333333333333333	0.0
0.2	0.0
0	0
0.025	0.005
0	0
0.025	0.0
0.025	0.0
0.05500000000000001	0.025
0.08333333333333333	0.008333333333333333
0.2916666666666667	0.020833333333333332
0.024999999999999998	0.0
0.0125	0.00625
0	0
0.04375	0.0
0.03333333333333333	0.008333333333333333
0.0	0.05
0.0125	0.0
0	0
0.037500000000000006	0.018750000000000003
0.0375	0.05625
0.05625	0.00625
0.014285714285714287	0.0035714285714285718
0.5625	0.125
0.0828125	0.026562500000000003
0	0
0.041666666666666664	0.016666666666666666
0	0
0	0
0.025	0.005
0	0
0.025	0.0
0.025	0.0
0.05500000000000001	0.025
0.08333333333333333	0.008333333333333333
0.2916666666666667	0.020833333333333332
0.024999999999999998	0.0
0.0125	0.00625
0	0
0.04375	0.0
0.03333333333333333	0.008333333333333333
0.0	0.05
0.0125	0.0
0	0
0.037500000000000006	0.018750000000000003
0.0375	0.05625
0.05625	0.00625
0.014285714285714287	0.0035714285714285718
0.5625	0.125
0.0828125	0.026562500000000003
0	0
0.041666666666666664	0.016666666666666666
0	0
0	0
0.15	0.0
0.05	0.025
0.0	0.0
0	0
0.08333333333333333	0.08333333333333333
0.0	0.0
0.05500000000000001	0.01
0.037500000000000006	0.018750000000000003
0.025	0.0
0.0125	0.00625
0.125	0.025
0	0
0.025	0.05
0.039999999999999994	0.04
0.15625	0.03125
0	0
0.025000000000000005	0.008333333333333333
0.025	0.0
0.0	0.025
0.09375	0.03125
0.05	0.025
0.05	0.025
0.1	0.05
0	0
0.0625	0.0125
0.05	0.025
0.0125	0.0
0	0
0.03	0.01
0	0
0.0	0.0
0.049999999999999996	0.016666666666666666
0.0875	0.0875
0.05	0.1875
0	0
0	0
0.03333333333333333	0.008333333333333333
0.0	0.0
0	0
0.05833333333333333	0.008333333333333333
0	0
0.0	0.0
0.0	0.0
0.008333333333333333	0.0
0.0125	0.0
0.008333333333333333	0.0
0.05	0.0
0.025	0.0
0.1416666666666667	0.075
0.0875	0.0
0.025000000000000005	0.008333333333333333
0	0
0	0
0	0
0	0
0.05	0.0
0.020833333333333332	0.0
0.07857142857142858	0.02142857142857143
0.05	0.025
0.05	0.0
0.0375	0.01875
0.016666666666666666	0.008333333333333333
0.005	0.0
0.1625	0.1375
0	0
0.15	0.125
0.025	0.0017857142857142859
0.03	0.0
0	0
0	0
0.0	0.0
0.052500000000000005	0.042499999999999996
0.0	0.0
0	0
0.015000000000000003	0.01
0.075	0.0
0.012499999999999999	0.029166666666666664
0	0
0	0
0.0875	0.0
0	0
0	0
0.015000000000000003	0.015
0.025000000000000005	0.0
0.0	0.0
0	0
0.0	0.0
0	0
0.05	0.025
0.0	0.0
0	0
0.13000000000000003	0.03
0.026562500000000003	0.046875
0.0	0.0
0.02	0.005
0.04375	0.024999999999999998
0.0125	0.0
0	0
0.0125	0.0
0.0	0.0
0.025	0.0
0	0
0.025	0.0125
0.025	0.0
0.0	0.0
0.05	0.025
0.07083333333333335	0.020833333333333332
0.0	0.0
0.0	0.0
0.05	0.025
0	0
0.0	0.0
0.025	0.00625
0.037500000000000006	0.0
0.025	0.0
0.037500000000000006	0.0125
0	0
0.10625	0.03125
0.05277777777777778	0.07777777777777778
0.04285714285714286	0.017857142857142856
0.0	0.0
0.0	0.0
0.03333333333333333	0.016666666666666666
0	0
0.1	0.1125
0	0
0.0	0.05
0	0
0.025	0.0
0.0	0.0
0	0
0	0
0.1	0.0
0.025	0.0125
0.025	0.00625
0	0
0.016666666666666666	0.05833333333333333
0.025	0.0
0.0	0.0
0.04375	0.0
0	0
0.075	0.0
0.05	0.05
0.025	0.0
0.0035714285714285718	0.0035714285714285718
0.0	0.0
0.05	0.025
0	0
0.01	0.0
0.0125	0.0
0	0
0.0	0.0
0	0
0	0
0.024999999999999998	0.0
0.04583333333333334	0.008333333333333333
0.07500000000000001	0.03125
0.025	0.0
0.041666666666666664	0.008333333333333333
0.015000000000000003	0.005
0.0	0.0
0.05	0.0
0.05	0.025
0.025	0.03125
0	0
0.05	0.0
0.025	0.0125
0.027083333333333334	0.029166666666666664
0.018181818181818184	0.0
0.05	0.0
0.10833333333333334	0.0
0.075	0.1875
0.016666666666666666	0.049999999999999996
0.021428571428571432	0.0071428571428571435
0.049999999999999996	0.008333333333333333
0	0
0.0	0.0
0	0
0.05833333333333334	0.024999999999999998
0.13020833333333334	0.034374999999999996
0	0
0.075	0.0
0	0
0.0875	0.0
0	0
0.075	0.0
0	0
0.0	0.0
0.04166666666666667	0.024999999999999998
0.05	0.025
0.025	0.0125
0	0
0.025	0.0
0.0	0.0
0	0
0.025	0.0
0.0	0.0
0.04375	0.04765625
0.03055555555555555	0.008333333333333335
0.0	0.0
0.0	0.0
0	0
0.0	0.0
0.0	0.0
0.05500000000000001	0.08
0.049999999999999996	0.0
0.05	0.0125
0.027083333333333334	0.0625
0.075	0.025
0.09999999999999999	0.0375
0	0
0.0125	0.0
0.0	0.0
0.10000000000000002	0.041666666666666664
0.025	0.0
0.0	0.15
0	0
0.08571428571428572	0.0071428571428571435
0.03571428571428571	0.028571428571428574
0.025	0.0
0.03	0.0
0.075	0.2
0.1375	0.0625
0	0
0	0
0.0	0.0
0.05	0.025
0.025	0.03
0.034999999999999996	0.015000000000000003
0.08333333333333333	0.025000000000000005
0.03	0.005
0.07222222222222222	0.020833333333333332
0.025	0.0
0.05	0.025
0	0
0.037500000000000006	0.018750000000000003
0.05	0.025
0.037500000000000006	0.0625
0.05	0.025
0.15	0.2
0.05	0.025
0.058333333333333334	0.016666666666666666
0.0	0.0
0.05	0.025
0.0	0.0
0	0
0.03333333333333333	0.008333333333333333
0.0	0.0
0.05	0.005
0.08333333333333333	0.06666666666666667
0.125	0.0875
0.075	0.0
0.10625000000000001	0.0
0.075	0.05
0.05	0.025
0	0
0.037500000000000006	0.0125
0.0	0.0
0.05	0.025
0.05	0.025
0	0
0.045	0.01
0.025	0.005
0.018750000000000003	0.00625
0.0	0.0
0.08035714285714286	0.03571428571428571
0.0328125	0.00625
0.025	0.0
0.025	0.0
0.008333333333333333	0.0
0.06666666666666667	0.016666666666666666
0.025	0.018750000000000003
0.0	0.0
0.05	0.025
0.025	0.0125
0.021875	0.049999999999999996
0.0375	0.0
0.19375	0.06041666666666667
0.020833333333333332	0.0625
0.0	0.0125
0.103125	0.059375
0.05	0.0
0.0	0.0
0	0
0.10833333333333334	0.016666666666666666
0	0
0.025	0.0
0.0	0.0
0.05	0.025
0.008333333333333333	0.0
0	0
0.0125	0.0
0.05	0.025
0.0	0.0
0.016666666666666666	0.0
0	0
0.0125	0.0
0.0	0.0
0.0	0.0
0.05	0.025
0.15	0.0
0.03333333333333333	0.13333333333333333
0.05	0.025
0.0	0.1
0	0
0	0
0.037500000000000006	0.00625
0.0	0.0
0.06666666666666667	0.0
0	0
0.09999999999999999	0.041666666666666664
0.15	0.0
0.025	0.0
0.016666666666666666	0.0
0.05	0.025
0.05	0.025
0.045	0.02
0.025000000000000005	0.008333333333333333
0.13333333333333333	0.0
0.05	0.025
0.025	0.0125
0.025	0.1875
0.1	0.0
0.0	0.0
0.0125	0.0
0.0125	0.025
0.06999999999999999	0.034999999999999996
0.020833333333333332	0.020833333333333332
0.0	0.0
0.0	0.0
0	0
0	0
0.0625	0.030000000000000006
0.05625	0.00625
0.015625	0.03125
0	0
0.05	0.05
0.030000000000000006	0.0
0	0
0.037500000000000006	0.00625
0.008333333333333333	0.0
0.1375	0.0125
0	0
0.025000000000000005	0.041666666666666664
0.07916666666666668	0.0375
0.0	0.0
0.0	0.0
0	0
0.005	0.0
0.025	0.0
0	0
0	0
0.045	0.01
0.041666666666666664	0.024999999999999998
0.008333333333333333	0.0
0	0
0	0
0.016666666666666666	0.008333333333333333
0	0
0.0	0.0
0.07500000000000001	0.05
0.020833333333333332	0.0
0.0	0.0
0.075	0.0
0	0
0	0
0.008333333333333333	0.03333333333333333
0.0	0.0
0	0
0	0
0.1578125	0.0140625
0	0
0.01875	0.00625
0.0	0.0
0.05833333333333333	0.08333333333333333
0	0
0.07857142857142856	0.014285714285714287
0.060714285714285714	0.0071428571428571435
0.04	0.01
0	0
0.05714285714285715	0.06071428571428572
0.0	0.0
0	0
0	0
0.025	0.0
0.09	0.01
0.06	0.0
0.05625	0.014583333333333332
0.075	0.024999999999999998
0.025	0.0
0.018750000000000003	0.00625
0	0
0	0
0	0
0.05	0.025
0.0035714285714285718	0.0
0.024999999999999998	0.011111111111111112
0.275	0.0
0.0	0.0
0.275	0.0
0	0
0	0
0	0
0	0
0.049999999999999996	0.0
0	0
0	0
0	0
0	0
0	0
0	0
0.037500000000000006	0.2
0.025	0.0
0.025	0.0125
0	0
0.075	0.0
0	0
0.05625	0.0076388888888888895
0.037500000000000006	0.0125
0.0125	0.00625
0.06249999999999999	0.018750000000000003
0	0
0.05	0.025
0	0
0.025	0.0125
0.0875	0.0
0	0
0	0
0.125	0.0
0	0
0.17500000000000002	0.15
0.0	0.0
0.037500000000000006	0.0
0.0125	0.0
0	0
0.06696428571428571	0.019642857142857146
0	0
0.125	0.05
0	0
0.07500000000000001	0.0125
0	0
0.0	0.1
0.0	0.05
0.025	0.23750000000000002
0.041666666666666664	0.016666666666666666
0.025	0.0
0.11354166666666667	0.009375
0.025	0.0
0.05	0.025
0	0
0.028125	0.028124999999999997
0.05104166666666665	0.004166666666666667
0.0	0.0
0	0
0.0	0.0
0	0
0.18181818181818182	0.06818181818181818
0	0
0	0
0.025000000000000005	0.024999999999999998
0.05000000000000001	0.016666666666666666
0.015000000000000003	0.0
0.0	0.0
0	0
0.049999999999999996	0.005
0.0625	0.016666666666666666
0.016666666666666666	0.041666666666666664
0	0
0	0
0.0	0.0
0.0	0.0
0	0
0	0
0.030555555555555558	0.044444444444444446
0.0	0.0
0	0
0	0
0	0
0.07708333333333334	0.010416666666666666
0.03125	0.0625
0.0	0.0
0	0
0.065	0.015
0	0
0	0
0.0125	0.0
0.022222222222222223	0.09722222222222222
0.025	0.0
0.0	0.0
0.0875	0.0
0.008333333333333333	0.0
0	0
0	0
0.10833333333333335	0.058333333333333334
0.0	0.0
0.0875	0.0
0.008333333333333333	0.0
0	0
0	0
0	0
0.11666666666666665	0.0
0.0	0.0
0.1361111111111111	0.022222222222222223
0.049999999999999996	0.0125
0.0	0.0
0	0
0.24375	0.03125
0	0
0	0
0.008333333333333333	0.0
0.024999999999999998	0.004166666666666667
0.063125	0.059375
0.025	0.0125
0.037500000000000006	0.0625
0.06874999999999999	0.01875
0.0	0.0
0.05	0.025
0	0
0	0
0.024999999999999998	0.020833333333333332
0.018750000000000003	0.0125
0.03333333333333333	0.020833333333333332
0.0625	0.04375
0.05	0.025
0.049999999999999996	0.020833333333333332
0.03	0.05
0.05	0.025
0.05	0.0125
0	0
0.037500000000000006	0.0
0	0
0	0
0.0	0.025
0.3125	0.3125
0.037500000000000006	0.0125
0	0
0.0	0.0
0.05833333333333335	0.025
0	0
0.018750000000000003	0.00625
0.024999999999999998	0.0
0	0
0.0	0.0
0.05416666666666667	0.012500000000000002
0	0
0.0	0.0
0.05833333333333333	0.0
0.04375	0.0
0.025	0.0
0.05625	0.10625
0	0
0	0
0	0
0.025	0.0
0.025	0.0
0	0
0	0
0	0
0.225	0.0625
0	0
0.0	0.05
0.030000000000000006	0.01
0.06875	0.00625
0	0
0.06666666666666667	0.008333333333333333
0.025	0.0125
0.03333333333333333	0.024999999999999998
0	0
0.0	0.0
0.0	0.0
0.0	0.1
0.15	0.0
0.016666666666666666	0.008333333333333333
0.03214285714285714	0.010714285714285716
0.0	0.0
0.041666666666666664	0.05833333333333334
0.008333333333333333	0.0
0	0
0.05	0.0
0.025	0.0
0.08125	0.03125
0.15	0.0
0.07916666666666666	0.07708333333333334
0	0
0	0
0.05625	0.03125
0.036111111111111115	0.024999999999999998
0.08333333333333333	0.08333333333333333
0.05	0.005
0.05	0.0
0	0
0.0125	0.0
0.05	0.025
0.09166666666666667	0.041666666666666664
0.0425	0.030000000000000006
0.02142857142857143	0.0035714285714285718
0	0
0.025	0.0
0.041666666666666664	0.004166666666666667
0.05	0.0
0.096875	0.05104166666666667
0.018750000000000003	0.00625
0.03333333333333333	0.008333333333333333
0.0642857142857143	0.026785714285714284
0.0234375	0.00625
0.04583333333333333	0.041666666666666664
0.05	0.0125
0.025	0.0
0.025	0.0125
0.016666666666666666	0.041666666666666664
0.05	0.0
0.0125	0.0
0	0
0	0
0	0
0	0
0	0
0.05	0.0
0	0
0.025	0.0
0.049999999999999996	0.0
0.05000000000000001	0.008333333333333333
0.09821428571428571	0.06696428571428571
0	0
0.018750000000000003	0.04375
0.021875	0.00625
0.02916666666666667	0.012500000000000002
0.325	0.0
0.1625	0.0
0.056249999999999994	0.05625
0	0
0.025	0.0125
0.09999999999999999	0.008333333333333333
0.0125	0.0
0.028125	0.018750000000000003
0.0	0.0
0.03333333333333333	0.016666666666666666
0	0
0	0
0.025	0.0
0.025	0.0
0.037500000000000006	0.00625
0.125	0.1125
0.0	0.0
0	0
0.15	0.0
0.037500000000000006	0.0
0.0375	0.016666666666666666
0.008333333333333333	0.0
0	0
0.025	0.0
0	0
0	0
0.05	0.0
0.04375	0.0765625
0.5	0.0
0.05833333333333333	0.0
0.02857142857142857	0.02142857142857143
0.025	0.0
0	0
0	0
0.037500000000000006	0.0
0.05	0.025
0	0
0.0625	0.025
0.0125	0.0
0.0	0.0
0	0
0.05	0.0125
0.025	0.02
0.0	0.0
0.0	0.0
0.0140625	0.015625
0.0	0.0
0.03214285714285715	0.075
0.008333333333333333	0.0
0	0
0.025	0.025
0	0
0.0	0.0
0.075	0.0
0.15	0.0
0.075	0.03125
0	0
0.0	0.0
0.018750000000000003	0.00625
0.037500000000000006	0.0125
0.041666666666666664	0.0
0.03333333333333333	0.016666666666666666
0.16666666666666666	0.0
0.0	0.0
0.025	0.0125
0.0	0.0
0.11000000000000001	0.005
0.016666666666666666	0.0
0.03333333333333333	0.004166666666666667
0.05	0.025
0.08750000000000001	0.0
0.06666666666666667	0.03333333333333333
0.03125	0.0125
0.02142857142857143	0.060714285714285714
0	0
0	0
0.0	0.0
0.016666666666666666	0.0
0.0	0.0
0.0625	0.0625
0.0125	0.0625
0.05833333333333333	0.06666666666666667
0.0	0.0
0	0
0	0
0	0
0.0	0.0
0.0	0.0
0	0
0	0
0.0	0.125
0.025	0.0
0.03125	0.09375
0	0
0	0
0.275	0.0125
0.0375	0.0
0	0
0.10000000000000002	0.004166666666666667
0.025	0.0
0	0
0.009523809523809523	0.04166666666666667
0.05000000000000001	0.041666666666666664
0.16666666666666666	0.0
0.06999999999999999	0.015000000000000003
0.04732142857142857	0.011607142857142858
0.037500000000000006	0.00625
0.025	0.0
0.025	0.0
0.05	0.0625
0.06666666666666667	0.0
0.05	0.025
0.025	0.075
0.05	0.025
0.0125	0.0
0	0
0.05	0.0
0.1	0.0
0	0
0.0	0.0
0	0
0.0125	0.0
0.008333333333333333	0.0
0.03125	0.003125
0	0
0.0375	0.0
0.15	0.0
0.0	0.0
0.025	0.0375
0	0
0	0
0.0625	0.0375
0.008333333333333333	0.0
0.03125	0.0
0.0	0.0
0	0
0.10000000000000002	0.041666666666666664
0.1	0.017857142857142856
0.08392857142857142	0.01607142857142857
0.0	0.0
0.0	0.0
0	0
0.049999999999999996	0.025
0.04375	0.04375
0.025	0.0125
0.4	0.0
0	0
0.0	0.025
0	0
0.02	0.005
0	0
0.0125	0.1625
0.03166666666666667	0.0375
0.07916666666666668	0.0375
0.025000000000000005	0.008333333333333333
0	0
0.0	0.0
0	0
0	0
0.0	0.0
0.05	0.0125
0	0
0.03333333333333333	0.0
0.0	0.0
0.0125	0.0
0.05	0.025
0.15	0.075
0.06363636363636364	0.02727272727272727
0.0	0.0
0	0
0	0
0.025	0.0
0.025	0.0
0	0
0.075	0.1
0.1375	0.0625
0.025000000000000005	0.012500000000000002
0	0
0.05	0.025
0.025	0.0
0.0	0.0
0.025	0.0125
0.11666666666666667	0.0
0.075	0.06666666666666667
0.05500000000000001	0.034999999999999996
0.05	0.025
0	0
0	0
0.0	0.0
0.05	0.025
0.05833333333333334	0.0
0	0
0.125	0.5625
0.0125	0.0125
0.05	0.025
0	0
0	0
0	0
0.078125	0.015625
0.025	0.0125
0	0
0.03863636363636364	0.015909090909090907
0	0
0	0
0.05	0.025
0.05499999999999999	0.015
0.018750000000000003	0.0125
0.0	0.0
0.05	0.025
0.016666666666666666	0.008333333333333333
0.05	0.025
0	0
0.05	0.025
0.05	0.025
0.075	0.125
0.015625	0.025
0.10833333333333334	0.075
0	0
0	0
0.025000000000000005	0.03333333333333333
0.0125	0.0375
0	0
0.125	0.05
0.05416666666666666	0.08333333333333333
0.0	0.05
0.0	0.0
0.025	0.00625
0.0	0.0
0.05	0.025
0.021428571428571432	0.02142857142857143
0.075	0.125
0.15	0.0
0.0	0.0
0.025	0.025
0.1625	0.0
0.00625	0.0
0.075	0.0
0.025	0.0125
0	0
0.025	0.0125
0.025	0.0
0	0
0	0
0.025	0.0
0.10833333333333332	0.0
0	0
0.0875	0.0
0.09375	0.027083333333333334
0.025	0.0125
0.049999999999999996	0.10357142857142858
0.06388888888888888	0.022222222222222223
0.0	0.0
0	0
0.0	0.0
0.008333333333333333	0.0
0.0	0.0
0.0	0.0
0	0
0.008333333333333333	0.024999999999999998
0.030000000000000006	0.03
0.0	0.0
0.0	0.0
0.049999999999999996	0.016666666666666666
0.05	0.025
0.012500000000000002	0.012500000000000002
0.05000000000000001	0.03333333333333333
0.0	0.0
0.018750000000000003	0.0
0.03125	0.00625
0.11875000000000001	0.00625
0	0
0.049999999999999996	0.0
0.03333333333333334	0.02
0.03928571428571429	0.02142857142857143
0	0
0.125	0.0
0.05500000000000001	0.015
0.0	0.0
0.15	0.1375
0.025000000000000005	0.0
0.03125	0.0125
0.04	0.05166666666666667
0.015000000000000003	0.0
0.0	0.0
0.041666666666666664	0.004166666666666667
0.075	0.0
0.025000000000000005	0.0
0.045	0.015
0.1	0.0375
0.1375	0.04375
0	0
0	0
0	0
0.125	0.0
0	0
0.125	0.0
0.125	0.0
0.125	0.0
0.05	0.025
0.0	0.008333333333333333
0.04375	0.018750000000000003
0.0375	0.0
0.05	0.025
0.11875	0.037500000000000006
0.175	0.0875
0.075	0.03125
0	0
0	0
0	0
0.1375	0.0625
0.025	0.0
0.025	0.005
0.075	0.016666666666666666
0.030000000000000006	0.005
0	0
0	0
0	0
0.0	0.0
0.025000000000000005	0.008333333333333333
0	0
0.045	0.005
0.025000000000000005	0.0
0	0
0.021875	0.046875
0.025000000000000005	0.008333333333333333
0.0875	0.025
0.05	0.025
0	0
0	0
0	0
0.065	0.030000000000000006
0.08125000000000002	0.008333333333333333
0.037500000000000006	0.0125
0	0
0	0
0	0
0	0
0	0
0.020833333333333332	0.0625
0	0
0	0
0.025	0.0125
0.0375	0.0
0	0
0	0
0.030555555555555558	0.025
0	0
0	0
0	0
0.0	0.0
0.0	0.0
0.016666666666666666	0.049999999999999996
0.0375	0.0125
0.025	0.0
0.045	0.005
0.025	0.0
0	0
0.06363636363636363	0.02954545454545454
0.025	0.0125
0.03125	0.09375
0.11875000000000001	0.0
0.0	0.0
0	0
0	0
0	0
0.0	0.0
0.025	0.0
0.025	0.0
0	0
0.01	0.0
0.025	0.0
0.0	0.0
0.05833333333333334	0.05833333333333333
0.075	0.0
0.0	0.0
0	0
0.00625	0.0
0.03125	0.00625
0.041666666666666664	0.0
0	0
0.0125	0.0
0.016666666666666666	0.016666666666666666
0	0
0.04471153846153846	0.013461538461538466
0.0	0.0
0	0
0.03333333333333333	0.020833333333333332
0.05	0.0
0.0875	0.0125
0.025	0.0125
0.04	0.01
0.03333333333333333	0.0
0	0
0.025	0.0625
0.15	0.0
0.075	0.03125
0.0	0.0
0.028571428571428574	0.010714285714285716
0.06499999999999999	0.005
0.045	0.017499999999999998
0.010714285714285716	0.02142857142857143
0.0	0.0
0.0	0.0
0.15	0.0
0.05	0.0
0.0	0.0
0	0
0.05	0.0
0	0
0.0	0.03333333333333333
0.008333333333333333	0.013888888888888888
0.0	0.0
0.04375	0.0125
0.1	0.0
0.025	0.0
0.125	0.0
0.0	0.275
0.075	0.0
0	0
0.041666666666666664	0.05833333333333333
0.10833333333333334	0.06666666666666667
0.025	0.025
0.05	0.025
0.05	0.0
0.037500000000000006	0.0125
0.016666666666666666	0.0
0	0
0.04583333333333334	0.01875
0.05	0.025
0	0
0.041666666666666664	0.008333333333333333
0.049999999999999996	0.0
0.025000000000000005	0.008333333333333333
0.0	0.0
0.05	0.01
0.025	0.0125
0	0
0.0	0.0
0.0	0.0
0.05000000000000001	0.03333333333333333
0.02	0.005
0.325	0.0
0.0	0.0
0.0	0.0
0.0	0.0
0.03125	0.09375
0.0	0.0
0.1	0.05
0.075	0.125
0.01875	0.05
0.049999999999999996	0.03333333333333333
0.1	0.0
0.0375	0.0625
0	0
0.0125	0.0
0	0
0	0
0.0	0.0
0.0	0.0
0.0	0.0
0.08888888888888889	0.016666666666666666
0.05	0.0
0	0
0.05	0.05
0	0
0.025	0.0
0	0
0.05833333333333334	0.024999999999999998
0.1	0.025
0	0
0.0	0.03125
0.0375	0.0017857142857142859
0.0	0.0
0.0625	0.004166666666666667
0	0
0	0
0	0
0.06828703703703703	0.014583333333333334
0.0	0.0
0.025	0.0125
0.016666666666666666	0.03333333333333333
0.0	0.05
0	0
0	0
0	0
0	0
0	0
0	0
0.03333333333333333	0.008333333333333333
0.025	0.0
0.04642857142857142	0.010714285714285716
0.025	0.0
0	0
0	0
0.0	0.0
0	0
0.0	0.0
0	0
0.08625	0.03625
0.037500000000000006	0.018750000000000003
0.05	0.025
0.04583333333333334	0.0
0.025	0.0
0.008333333333333333	0.024999999999999998
0.0	0.0
0	0
0.053125	0.046875
0.08125	0.01625
0.025	0.0
0.0	0.0
0.11666666666666665	0.0
0.0	0.0
0.025	0.0
0.025	0.0
0.05000000000000001	0.025000000000000005
0.0	0.0
0.0	0.0
0.025	0.0125
0.0	0.0
0.05833333333333333	0.0
0.05625	0.0125
0.02	0.034999999999999996
0	0
0	0
0.05000000000000001	0.049999999999999996
0	0
0.016666666666666666	0.008333333333333333
0.0	0.0
0.21666666666666667	0.008333333333333333
0	0
0.05	0.025
0.10833333333333334	0.16666666666666666
0.1	0.0
0.025	0.0
0	0
0.0	0.0
0.016666666666666666	0.0
0	0
0.011111111111111112	0.05277777777777778
0.0	0.15
0.037500000000000006	0.0
0.0	0.05
0	0
0.1	0.025
0	0
0.0	0.0
0	0
0	0
0.0	0.0
0	0
0.075	0.0
0.0875	0.0
0.041666666666666664	0.03333333333333333
0.025	0.0125
0.0125	0.0
0.0	0.0
0.0125	0.0
0.04583333333333334	0.03333333333333333
0.05833333333333333	0.05833333333333333
0	0
0.275	0.0
0	0
0.0	0.0
0	0
0	0
0.0	0.0
0.025	0.0
0.275	0.0
0.05833333333333333	0.008333333333333333
0.10833333333333332	0.008333333333333333
0.08928571428571429	0.0
0.05	0.025
0.07083333333333333	0.03854166666666666
0.05625	0.00625
0	0
0.16666666666666666	0.0
0.17500000000000002	0.0
0	0
0.0	0.0
0	0
0	0
0.0125	0.0
0.05	0.025
0.10416666666666667	0.002777777777777778
0.0	0.0
0.015000000000000003	0.0
0.025	0.03
0.025	0.0
0	0
0	0
0	0
0	0
0.0078125	0.0
0.0	0.0
0.0625	0.0625
0	0
0	0
0	0
0.0	0.0
0.015000000000000003	0.0
0.015000000000000003	0.0
0.037500000000000006	0.0
0.025	0.0125
0	0
0	0
0	0
0.0	0.0
0.0	0.0
0.025	0.0125
0.025	0.0125
0.03333333333333333	0.016666666666666666
0.05	0.0
0.0	0.025
0.025000000000000005	0.008333333333333333
0	0
0.08499999999999999	0.045
0.0125	0.0125
0	0
0.05	0.025
0.0	0.0
0.075	0.0
0.065625	0.06875
0.10625000000000001	0.03125
0.0125	0.0
0.054166666666666675	0.012499999999999999
0.05	0.015000000000000003
0.05	0.025
0.03333333333333333	0.0
0	0
0.05	0.025
0.05	0.0
0	0
0.018750000000000003	0.0
0	0
0.0	0.0625
0.0	0.0
0.0375	0.0375
0.03333333333333333	0.008333333333333333
0.0	0.0
0	0
0.325	0.0
0.0	0.0
0	0
0.025	0.0125
0.07	0.045
0.11000000000000001	0.015000000000000003
0	0
0.05	0.0
0	0
0.015000000000000003	0.08
0	0
0	0
0	0
0.0	0.0
0.0125	0.0
0.06666666666666667	0.0
0.0	0.0
0	0
0.09125	0.00625
0.07500000000000001	0.0
0	0
0.125	0.25
0	0
0.0	0.0
0	0
0.0875	0.0
0.0	0.0
0.008333333333333333	0.0
0.0	0.0
0.0	0.0
0.0	0.0
0	0
0.004166666666666667	0.0
0.1	0.2
0.05833333333333334	0.006250000000000001
0.0375	0.0
0	0
0.0125	0.0
0.0	0.0
0	0
0.025	0.0
0.016666666666666666	0.008333333333333333
0.025	0.0
0	0
0	0
0.0	0.0
0	0
0.0	0.0
0.025000000000000005	0.008333333333333333
0.05	0.00625
0	0
0.09166666666666666	0.049999999999999996
0	0
0.0	0.0
0	0
0.0	0.0
0.0	0.0
0.03333333333333333	0.049999999999999996
0.0625	0.0
0.025000000000000005	0.008333333333333333
0.075	0.125
0	0
0.0625	0.1875
0	0
0.08125	0.00625
0.046875	0.0625
0.025	0.0
0.02142857142857143	0.0
0.06	0.045
0.0	0.1125
0	0
0.00625	0.0125
0	0
0	0
0.0	0.0
0	0
0.016666666666666666	0.008333333333333333
0.0	0.1
0.05	0.0625
0.0	0.0
0	0
0.025	0.0
0.15	0.0
0.030000000000000006	0.02
0.05	0.025
0.11000000000000001	0.005
0.0875	0.0
0	0
0.05	0.025
0	0
0.05500000000000001	0.01
0.125	0.0625
0.05	0.025
0.03333333333333333	0.012500000000000002
0.05	0.025
0.03333333333333333	0.03333333333333333
0.0	0.0
0.0	0.0
0	0
0.025	0.0
0.03125	0.28125
0.125	0.0
0.0	0.0
0.05	0.0
0.025	0.0
0	0
0.07500000000000001	0.009375
0.0125	0.0
0.025	0.075
0.0625	0.025
0.1	0.03125
0.021428571428571432	0.05357142857142857
0.0	0.0
0.041666666666666664	0.0
0.05833333333333333	0.06666666666666667
0	0
0.05	0.0
0	0
0	0
0.0	0.0
0.0	0.0
0.0	0.0
0.016666666666666666	0.016666666666666666
0.018750000000000003	0.1
0.0	0.0
0	0
0.05	0.025
0.125	0.05
0	0
0.0	0.0
0.0	0.225
0	0
0	0
0.0125	0.0
0.1375	0.025
0.025000000000000005	0.008333333333333333
0.0375	0.008333333333333333
0.052500000000000005	0.00625
0.018750000000000003	0.0
0.0	0.0
0	0
0.0	0.0
0	0
0.10833333333333332	0.0
0.025	0.00625
0	0
0.04375	0.11875
0	0
0.025	0.0
0	0
0	0
0	0
0	0
0.0546875	0.01015625
0.0	0.0
0	0
0.05833333333333334	0.07916666666666666
0.0	0.0
0.1875	0.0125
0.037500000000000006	0.0125
0.03333333333333333	0.008333333333333333
0.05	0.025
0.025	0.075
0.06	0.015000000000000003
0.05	0.025
0	0
0.1	0.0125
0	0
0.0125	0.0375
0.12500000000000003	0.0
0.025	0.0
0.02	0.0025
0.09583333333333334	0.029166666666666664
0.025	0.0
0.06874999999999999	0.01875
0.05	0.025
0.025	0.0
0	0
0.0125	0.0
0	0
0.025	0.025
0.0	0.0
0	0
0	0
0.0625	0.28125
0.05	0.025
0	0
0.0875	0.0
0.05833333333333333	0.0
0.12	0.025
0.025000000000000005	0.008333333333333333
0.05	0.025
0.07500000000000001	0.0125
0	0
0.037500000000000006	0.0125
0	0
0.025	0.0
0.01	0.0
0.025	0.005
0.025	0.0125
0.0	0.0
0.078125	0.0625
0.0	0.0
0.0	0.0
0	0
0	0
0	0
0	0
0	0
0	0
0	0
0.05	0.0125
0.0	0.0
0.025	0.0125
0.0	0.0
0.06666666666666667	0.008333333333333333
0.0	0.0
0	0
0	0
0	0
0.05	0.025
0	0
0.0625	0.0125
0.005	0.0
0.125	0.25
0.025	0.0125
0.0	0.025
0	0
0	0
0	0
0	0
0	0
0	0
0	0
0	0
0	0
0	0
0	0
0.05	0.00625
0.016666666666666666	0.016666666666666666
0.08333333333333333	0.016666666666666666
0.1	0.0
0	0
0	0
0	0
0.0875	0.0
0.05833333333333333	0.0
0.0	0.0
0.0	0.325
0.0125	0.0
0.025	0.0
0	0
0	0
0.025	0.0
0	0
0	0
0	0
0.0	0.0
0	0
0.05	0.05
0.2125	0.0125
0.12	0.05500000000000001
0.0125	0.0
0.0	0.0
0.05	0.025
0.03	0.0
0.016666666666666666	0.008333333333333333
0.075	0.0
0.05	0.025
0.037500000000000006	0.00625
0	0
0.025	0.0
0.0375	0.008333333333333333
0	0
0.11875	0.0
0.10500000000000001	0.11000000000000001
0.05	0.025
0.0921875	0.07578125000000001
0.024999999999999998	0.02857142857142857
0.05	0.025
0.025	0.0
0.09166666666666667	0.049999999999999996
0.025000000000000005	0.008333333333333333
0.016666666666666666	0.0
0.03333333333333333	0.008333333333333333
0.0	0.0
0.0	0.0
0.07500000000000001	0.06875
0.0125	0.025
0.041666666666666664	0.0
0.06000000000000001	0.0125
0	0
0	0
0.03333333333333333	0.008333333333333333
0.03333333333333333	0.008333333333333333
0.375	0.0
0.075	0.11000000000000001
0	0
0.049999999999999996	0.06666666666666667
0.025	0.0
0.06666666666666667	0.15833333333333335
0	0
0	0
0	0
0.0	0.0
0	0
0	0
0	0
0	0
0	0
0	0
0.049999999999999996	0.0
0.06666666666666667	0.0
0.025	0.0
0	0
0	0
0	0
0	0
0	0
0	0
0	0
0.05	0.025
0.041666666666666664	0.041666666666666664
0	0
0	0
0	0
0.04285714285714286	0.03571428571428571
0.025	0.0
0.020833333333333332	0.008333333333333333
0.025	0.0125
0.125	0.375
0.0	0.0
0.0	0.0
0	0
0.05	0.025
0	0
0	0
0	0
0	0
0.075	0.2
0.025	0.0
0.0	0.0
0.05	0.0625
0	0
0.0	0.0
0.04375	0.00625
0.049999999999999996	0.07500000000000001
0.019444444444444445	0.005555555555555556
0.0642857142857143	0.0035714285714285718
0.037500000000000006	0.025
0.06999999999999999	0.034999999999999996
0.05	0.025
0.0625	0.0625
0.025	0.0125
0.008333333333333333	0.0
0.06666666666666667	0.0
0.11500000000000002	0.03
0.0	0.0
0	0
0.03333333333333333	0.016666666666666666
0	0
0.027500000000000004	0.11750000000000001
0.0625	0.04375
0.0	0.0
0.052500000000000005	0.005
0.04	0.02
0.008333333333333333	0.0
0.075	0.125
0	0
0.02708333333333333	0.09791666666666667
0.05	0.075
0	0
0.11666666666666665	0.008333333333333333
0.041666666666666664	0.016666666666666666
0	0
0.049999999999999996	0.0
0.025	0.0
0.05	0.0
0.0	0.0
0.052777777777777785	0.025
0	0
0.05	0.025
0.05833333333333333	0.016666666666666666
0.037500000000000006	0.0125
0.025	0.0
0	0
0.0	0.0
0.025000000000000005	0.008333333333333333
0.0	0.0
0	0
0.275	0.0
0	0
0.018750000000000003	0.00625
0.05	0.05
0.07625000000000001	0.01125
0.0375	0.01875
0.0125	0.00625
0.0625	0.025
0.0411764705882353	0.007352941176470588
0	0
0.025	0.2
0.008333333333333333	0.025000000000000005
0	0
0	0
0.0625	0.0125
0.025	0.0125
0.0125	0.0
0.025	0.0
0.08035714285714286	0.011607142857142858
0	0
0	0
0	0
0.1	0.025
0.0	0.0
0.06666666666666667	0.0
0.1	0.0
0	0
0.025	0.0125
0.034999999999999996	0.0
0.0125	0.0
0.03125	0.19999999999999998
0.05625	0.09375
0.05	0.034999999999999996
0.0125	0.0
0	0
0.030555555555555558	0.002777777777777778
0.075	0.04375
0	0
0	0
0.0	0.0
0.025	0.0
0	0
0.05833333333333333	0.0
0	0
0.0125	0.0
0.0	0.025
